9.09 1.0000E-50
9.35 1.0000E-50
9.61 1.0000E-50
9.77 1.0000E-50
9.96 1.0000E-50
10.20 1.0000E-50
10.38 1.0000E-50
10.56 1.0000E-50
10.77 1.0000E-50
11.04 1.0000E-50
11.40 1.0000E-50
11.78 1.0000E-50
12.13 1.0000E-50
12.48 1.0000E-50
12.71 1.0000E-50
12.84 1.0000E-50
13.05 1.0000E-50
13.24 1.0000E-50
13.39 1.0000E-50
13.66 1.0000E-50
13.98 2.3001-121
14.33 1.8462-118
14.72 2.1800-115
15.10 1.5054-112
15.52 1.4197-109
15.88 3.7553-107
16.20 4.3306-105
16.60 1.2613-102
17.03 4.1613-100
17.34 2.2708E-98
17.68 1.5498E-96
18.02 9.0008E-95
18.17 5.1429E-94
18.61 7.2521E-92
19.10 1.3664E-89
19.39 2.6683E-88
19.84 2.2562E-86
20.18 5.6544E-85
20.50 1.0633E-83
21.05 1.3275E-81
21.62 1.5188E-79
21.98 2.6654E-78
22.30 3.1377E-77
22.68 5.3563E-76
23.00 5.4315E-75
23.40 8.9555E-74
24.00 5.0181E-72
24.65 3.1420E-70
25.24 1.1131E-68
25.68 1.4282E-67
26.00 8.6452E-67
26.40 7.7104E-66
26.85 8.3368E-65
27.35 1.0688E-63
27.85 1.2498E-62
28.40 1.6859E-61
29.00 2.5666E-60
29.60 3.4846E-59
30.10 2.8280E-58
30.80 4.7165E-57
31.80 2.1069E-55
32.80 7.4214E-54
33.80 2.1036E-52
34.80 4.8965E-51
35.70 7.1171E-50
36.60 9.0485E-49
37.50 1.0134E-47
38.50 1.2953E-46
39.50 1.4481E-45
40.50 1.4316E-44
41.40 1.0211E-43
42.20 5.4406E-43
43.00 2.7181E-42
44.10 2.2492E-41
45.10 1.3991E-40
46.00 6.7565E-40
47.00 3.6126E-39
48.00 1.7954E-38
49.00 8.3399E-38
50.00 3.6305E-37
50.60 1.1382E-36
51.20 2.9270E-36
52.00 8.5824E-36
53.00 3.1584E-35
54.00 1.0896E-34
55.00 3.6264E-34
56.00 1.1476E-33
57.00 3.4802E-33
58.00 1.0032E-32
59.00 2.8422E-32
60.00 7.6838E-32
61.00 2.0078E-31
62.00 5.0752E-31
63.00 1.2436E-30
64.00 2.9599E-30
65.00 6.8486E-30
65.80 1.3139E-29
66.50 2.2905E-29
67.50 4.9665E-29
68.50 1.0516E-28
69.50 2.1748E-28
70.50 4.3890E-28
71.60 9.3223E-28
72.60 1.8065E-27
73.50 3.2233E-27
74.50 6.0269E-27
75.50 1.1070E-26
76.50 2.0007E-26
77.50 3.5534E-26
78.50 6.2188E-26
79.50 1.0656E-25
80.50 1.8145E-25
81.50 3.0449E-25
82.50 5.0313E-25
83.50 8.2069E-25
84.50 1.3220E-24
85.50 2.1043E-24
86.50 3.3099E-24
87.50 5.1427E-24
88.50 7.9217E-24
89.50 1.2065E-23
90.50 1.8183E-23
91.50 1.8124E-20
92.50 6.8447E-20
93.50 9.9837E-20
94.50 1.5296E-19
95.50 2.3196E-19
96.50 3.4430E-19
97.50 4.8742E-19
98.50 7.0319E-19
99.50 1.0016E-18
100.50 1.4723E-18
101.50 2.0558E-18
102.50 2.7839E-18
103.50 4.0595E-18
104.50 5.6506E-18
105.50 7.6507E-18
106.50 1.0482E-17
107.50 1.4332E-17
108.50 1.9458E-17
109.50 2.5748E-17
110.50 8.2883E-17
111.50 2.2073E-16
112.50 3.1867E-16
113.50 4.6527E-16
114.50 6.0891E-16
115.50 7.2638E-16
116.50 9.7083E-16
117.50 1.2358E-15
118.50 1.4192E-15
119.50 1.2402E-15
120.50 1.3099E-15
121.50 4.3447E-16
122.50 1.7499E-15
123.50 3.3537E-15
124.50 4.6046E-15
125.50 5.5460E-15
126.50 6.2464E-15
127.50 7.6849E-15
128.50 8.9668E-15
129.50 1.1018E-14
130.50 1.2044E-14
131.50 1.5045E-14
132.50 1.6486E-14
133.50 1.9406E-14
134.50 2.2601E-14
135.50 2.7113E-14
136.50 3.0325E-14
137.50 3.5181E-14
138.50 4.0593E-14
139.50 4.6635E-14
140.50 5.6812E-14
141.50 6.6381E-14
142.50 7.7170E-14
143.50 9.1374E-14
144.20 1.0983E-13
144.70 1.0844E-13
145.50 1.2515E-13
146.50 1.5004E-13
147.50 1.6024E-13
148.50 1.9018E-13
149.50 2.3877E-13
150.50 2.8559E-13
151.20 2.6404E-13
151.70 3.2781E-13
152.50 4.5553E-13
153.50 1.6896E-12
154.50 2.0681E-12
155.50 3.2579E-12
156.50 3.2319E-12
157.50 5.5320E-12
158.50 6.8255E-12
159.50 7.7240E-12
160.50 8.8466E-12
161.50 9.8552E-12
162.50 1.1462E-11
163.50 1.3211E-11
164.50 1.8247E-11
165.50 1.2902E-11
166.50 2.1901E-11
167.20 1.6764E-11
167.70 2.6924E-11
168.50 4.6487E-11
169.50 7.3716E-11
170.50 9.4631E-11
171.50 1.0270E-10
172.50 1.2673E-10
173.50 1.5413E-10
174.50 1.9649E-10
175.50 2.7735E-10
176.50 2.4770E-10
177.50 2.8569E-10
178.50 3.7579E-10
179.50 4.4117E-10
180.50 4.5268E-10
181.50 4.3986E-10
182.50 5.2537E-10
183.50 5.9640E-10
184.50 4.4908E-10
185.50 6.5367E-10
186.50 8.1744E-10
187.50 9.0431E-10
188.50 9.8779E-10
189.50 1.2016E-09
190.50 1.1760E-09
191.50 1.3063E-09
192.50 1.3074E-09
193.50 9.1267E-10
194.50 1.7143E-09
195.50 1.8081E-09
196.70 2.2978E-09
197.60 2.1733E-09
198.40 2.2866E-09
199.50 2.5130E-09
200.50 2.6321E-09
201.50 2.9579E-09
202.50 2.5409E-09
203.50 3.4024E-09
204.50 3.8764E-09
205.50 3.9822E-09
206.50 4.0826E-09
207.40 4.1660E-09
207.80 5.3564E-09
208.50 5.5507E-09
209.50 9.3362E-09
210.50 2.0014E-08
211.50 2.7872E-08
212.50 2.2801E-08
213.50 2.5249E-08
214.50 3.6753E-08
215.50 3.5111E-08
216.50 2.8631E-08
217.50 2.9562E-08
218.50 4.4816E-08
219.50 4.3454E-08
220.50 4.0555E-08
221.50 2.8324E-08
222.50 4.1558E-08
223.50 6.0989E-08
224.50 5.7636E-08
225.50 4.0222E-08
226.50 3.3107E-08
227.50 3.8321E-08
228.50 5.9808E-08
229.50 4.3647E-08
230.50 6.1432E-08
231.50 4.9892E-08
232.50 4.4788E-08
233.50 3.4939E-08
234.50 2.1692E-08
235.50 5.0520E-08
236.50 2.5696E-08
237.50 3.5478E-08
238.50 1.9309E-08
239.50 2.6709E-08
240.50 2.7352E-08
241.50 3.3926E-08
242.50 7.1441E-08
243.50 7.0220E-08
244.50 8.8024E-08
245.50 9.6573E-08
246.50 7.7945E-08
247.50 6.7864E-08
248.50 2.8996E-08
249.50 4.8792E-08
250.50 7.3031E-08
251.30 3.2739E-08
251.80 2.2804E-08
252.50 2.3425E-08
253.50 3.4397E-08
254.50 4.5102E-08
255.50 1.1357E-07
256.50 9.5812E-08
257.50 1.4846E-07
258.50 1.2854E-07
259.50 1.0797E-07
260.50 8.1077E-08
261.50 7.5023E-08
262.50 1.1083E-07
263.50 2.4796E-07
264.50 3.6385E-07
265.50 5.0549E-07
266.50 3.0927E-07
267.50 3.5557E-07
268.50 4.4157E-07
269.50 3.1693E-07
270.50 3.9256E-07
271.50 2.5744E-07
272.50 1.8155E-07
273.50 2.3550E-07
274.50 1.1871E-07
275.50 1.8209E-07
276.50 2.7058E-07
277.50 2.6759E-07
278.50 1.2983E-07
279.50 5.1888E-08
280.50 6.6024E-08
281.50 2.2442E-07
282.50 3.7997E-07
283.50 3.4214E-07
284.50 1.8312E-07
285.50 8.3337E-08
286.50 2.9569E-07
287.50 4.9474E-07
288.50 4.5133E-07
289.50 6.0885E-07
291.00 7.9818E-07
293.00 7.2242E-07
295.00 6.8895E-07
297.00 7.3272E-07
299.00 7.3211E-07
301.00 7.3147E-07
303.00 8.1802E-07
305.00 8.6412E-07
307.00 9.2340E-07
309.00 8.6485E-07
311.00 1.0070E-06
313.00 9.7389E-07
315.00 9.3974E-07
317.00 1.0388E-06
319.00 9.3146E-07
321.00 1.0457E-06
323.00 8.8801E-07
325.00 1.2202E-06
327.00 1.4604E-06
329.00 1.4226E-06
331.00 1.3603E-06
333.00 1.3937E-06
335.00 1.3603E-06
337.00 1.0484E-06
339.00 1.2396E-06
341.00 1.2908E-06
343.00 1.3762E-06
345.00 1.4192E-06
347.00 1.5042E-06
349.00 1.6600E-06
351.00 1.7532E-06
353.00 1.6592E-06
355.00 1.8962E-06
357.00 1.4270E-06
359.00 1.4766E-06
361.00 1.7049E-06
363.00 1.7584E-06
364.00 1.8009E-06
365.00 2.0235E-06
367.00 2.1292E-06
369.00 2.0273E-06
371.00 2.1215E-06
373.00 1.5878E-06
375.00 1.8028E-06
377.00 2.1981E-06
379.00 2.2969E-06
381.00 2.2607E-06
383.00 1.3743E-06
385.00 1.8914E-06
387.00 1.8663E-06
389.00 2.1647E-06
391.00 2.5845E-06
393.00 1.3455E-06
395.00 2.3489E-06
397.00 1.5992E-06
399.00 3.2225E-06
401.00 3.4902E-06
403.00 3.4808E-06
405.00 3.3788E-06
407.00 3.3073E-06
409.00 3.7836E-06
411.00 3.6491E-06
413.00 3.7643E-06
415.00 3.7654E-06
417.00 3.8442E-06
419.00 3.6756E-06
421.00 3.7818E-06
423.00 3.6594E-06
425.00 3.7474E-06
427.00 3.5084E-06
429.00 3.2910E-06
431.00 2.7493E-06
433.00 3.9437E-06
435.00 3.7900E-06
437.00 4.2174E-06
439.00 3.9060E-06
441.00 4.2295E-06
443.00 4.5719E-06
445.00 4.6104E-06
447.00 4.8517E-06
449.00 4.9449E-06
451.00 5.3799E-06
453.00 5.0067E-06
455.00 5.1881E-06
457.00 5.4762E-06
459.00 5.2822E-06
461.00 5.4282E-06
463.00 5.3962E-06
465.00 5.4857E-06
467.00 5.6277E-06
469.00 5.5797E-06
471.00 5.4402E-06
473.00 5.7088E-06
475.00 5.8387E-06
477.00 5.8864E-06
479.00 5.9043E-06
481.00 5.8840E-06
483.00 5.9963E-06
485.00 5.7103E-06
487.00 5.1560E-06
489.00 5.8814E-06
491.00 5.9463E-06
493.00 5.8591E-06
495.00 6.1032E-06
497.00 6.1994E-06
499.00 5.9286E-06
501.00 5.7430E-06
503.00 6.0644E-06
505.00 6.0846E-06
507.00 6.3259E-06
509.00 6.1864E-06
511.00 6.2964E-06
513.00 6.2118E-06
515.00 6.0738E-06
517.00 5.4773E-06
519.00 5.6136E-06
521.00 6.2115E-06
523.00 6.3355E-06
525.00 6.5669E-06
527.00 5.9302E-06
529.00 6.5997E-06
531.00 6.8207E-06
533.00 6.2711E-06
535.00 6.7318E-06
537.00 6.7597E-06
539.00 6.7443E-06
541.00 6.5747E-06
543.00 6.7790E-06
545.00 6.9586E-06
547.00 6.9056E-06
549.00 6.8913E-06
551.00 6.9494E-06
553.00 7.0284E-06
555.00 7.1498E-06
557.00 7.0260E-06
559.00 6.9392E-06
561.00 7.1515E-06
563.00 7.2214E-06
565.00 7.2462E-06
567.00 7.1470E-06
569.00 7.2800E-06
571.00 7.2135E-06
573.00 7.5978E-06
575.00 7.4321E-06
577.00 7.5374E-06
579.00 7.4039E-06
581.00 7.5809E-06
583.00 7.7012E-06
585.00 7.6036E-06
587.00 7.6541E-06
589.00 7.1534E-06
591.00 7.6684E-06
593.00 7.6992E-06
595.00 7.7420E-06
597.00 7.7954E-06
599.00 7.7708E-06
601.00 7.7134E-06
603.00 7.7722E-06
605.00 7.9175E-06
607.00 7.9216E-06
609.00 7.8062E-06
611.00 7.8002E-06
613.00 7.6120E-06
615.00 7.7289E-06
617.00 7.5656E-06
619.00 7.9251E-06
621.00 7.9727E-06
623.00 7.8432E-06
625.00 7.6989E-06
627.00 7.9842E-06
629.00 8.0446E-06
631.00 7.8956E-06
633.00 7.9517E-06
635.00 7.9882E-06
637.00 7.9930E-06
639.00 8.0933E-06
641.00 7.9791E-06
643.00 8.0836E-06
645.00 8.0222E-06
647.00 8.0408E-06
649.00 8.0027E-06
651.00 8.1709E-06
653.00 8.1874E-06
655.00 7.9909E-06
657.00 7.2382E-06
659.00 8.1585E-06
661.00 8.2845E-06
663.00 8.2683E-06
665.00 8.2935E-06
667.00 8.2448E-06
669.00 8.3677E-06
671.00 8.2682E-06
673.00 8.3761E-06
675.00 8.3338E-06
677.00 8.3654E-06
679.00 8.3636E-06
681.00 8.3549E-06
683.00 8.4299E-06
685.00 8.3217E-06
687.00 8.4131E-06
689.00 8.4448E-06
691.00 8.4349E-06
693.00 8.4394E-06
695.00 8.4500E-06
697.00 8.4718E-06
699.00 8.4845E-06
701.00 8.3149E-06
703.00 8.4561E-06
705.00 8.5119E-06
707.00 8.4795E-06
709.00 8.4831E-06
711.00 8.5181E-06
713.00 8.4616E-06
715.00 8.4456E-06
717.00 8.4623E-06
719.00 8.3231E-06
721.00 8.4842E-06
723.00 8.5045E-06
725.00 8.5617E-06
727.00 8.5690E-06
729.00 8.4140E-06
731.00 8.5535E-06
733.00 8.5509E-06
735.00 8.6020E-06
737.00 8.6277E-06
739.00 8.4952E-06
741.00 8.4444E-06
743.00 8.5399E-06
745.00 8.5813E-06
747.00 8.6529E-06
749.00 8.6123E-06
751.00 8.6432E-06
753.00 8.6782E-06
755.00 8.7156E-06
757.00 8.6707E-06
759.00 8.6903E-06
761.00 8.6680E-06
763.00 8.7340E-06
765.00 8.7223E-06
767.00 8.5783E-06
769.00 8.7220E-06
771.00 8.6930E-06
773.00 8.7087E-06
775.00 8.6604E-06
777.00 8.7592E-06
779.00 8.7993E-06
781.00 8.7738E-06
783.00 8.7327E-06
785.00 8.7489E-06
787.00 8.8225E-06
789.00 8.8044E-06
791.00 8.7386E-06
793.00 8.6259E-06
795.00 8.6673E-06
797.00 8.8040E-06
799.00 8.8273E-06
801.00 8.7634E-06
803.00 8.7745E-06
805.00 8.7394E-06
807.00 8.8125E-06
809.00 8.7155E-06
811.00 8.7946E-06
813.00 8.8477E-06
815.00 8.8270E-06
817.00 8.8355E-06
819.00 8.6434E-06
821.00 8.6924E-06
823.00 8.7127E-06
825.00 8.7905E-06
827.00 8.8674E-06
829.00 8.8527E-06
831.00 8.7303E-06
833.00 8.7212E-06
835.00 8.7755E-06
837.00 8.8396E-06
839.00 8.7263E-06
841.00 8.8563E-06
843.00 8.7494E-06
845.00 8.7979E-06
847.00 8.7784E-06
849.00 8.6927E-06
851.00 8.3796E-06
853.00 8.6281E-06
855.00 7.4905E-06
857.00 8.8660E-06
859.00 8.7616E-06
861.00 8.7719E-06
863.00 8.8682E-06
865.00 8.7604E-06
867.00 7.6775E-06
869.00 8.6629E-06
871.00 8.8219E-06
873.00 8.8091E-06
875.00 8.6579E-06
877.00 8.8646E-06
879.00 8.8481E-06
881.00 8.6879E-06
883.00 8.8325E-06
885.00 8.8274E-06
887.00 8.6052E-06
889.00 8.8918E-06
891.00 8.9348E-06
893.00 8.8233E-06
895.00 8.8613E-06
897.00 8.8817E-06
899.00 8.9063E-06
901.00 8.5007E-06
903.00 8.7982E-06
905.00 8.9656E-06
907.00 8.8471E-06
909.00 8.6793E-06
911.00 8.7847E-06
913.00 8.9346E-06
915.00 8.8770E-06
917.00 8.8521E-06
919.00 8.8910E-06
921.00 8.7092E-06
923.00 8.4602E-06
925.00 8.6559E-06
927.00 8.8074E-06
929.00 8.8427E-06
931.00 8.8918E-06
933.00 8.8703E-06
935.00 8.8661E-06
937.00 8.8613E-06
939.00 8.8568E-06
941.00 8.5715E-06
943.00 8.7988E-06
945.00 8.7350E-06
947.00 8.8651E-06
949.00 8.8919E-06
951.00 8.8607E-06
953.00 8.8029E-06
955.00 8.4663E-06
957.00 8.7945E-06
959.00 8.8852E-06
961.00 8.8247E-06
963.00 8.7903E-06
965.00 8.7933E-06
967.00 8.7712E-06
969.00 8.8518E-06
971.00 8.8554E-06
973.00 8.8638E-06
975.00 8.8003E-06
977.00 8.8346E-06
979.00 8.8037E-06
981.00 8.8734E-06
983.00 8.8495E-06
985.00 8.8728E-06
987.00 8.8349E-06
989.00 8.8332E-06
991.00 8.8013E-06
993.00 8.8884E-06
995.00 8.8813E-06
997.00 8.8862E-06
999.00 8.8722E-06
1002.50 8.8106E-06
1007.50 8.7035E-06
1012.50 8.8481E-06
1017.50 8.7794E-06
1022.50 8.8257E-06
1027.50 8.8608E-06
1032.50 8.7942E-06
1037.50 8.7944E-06
1042.50 8.8286E-06
1047.50 8.7613E-06
1052.50 8.8091E-06
1057.50 8.7677E-06
1062.50 8.7538E-06
1067.50 8.6242E-06
1072.50 8.7068E-06
1077.50 8.6762E-06
1082.50 8.5743E-06
1087.50 8.6055E-06
1092.50 8.4639E-06
1097.50 8.4870E-06
1102.50 8.5925E-06
1107.50 8.6465E-06
1112.50 8.6171E-06
1117.50 8.6109E-06
1122.50 8.6417E-06
1127.50 8.5321E-06
1132.50 8.5861E-06
1137.50 8.5719E-06
1142.50 8.5292E-06
1147.50 8.6410E-06
1152.50 8.6350E-06
1157.50 8.5866E-06
1162.50 8.5198E-06
1167.50 8.5344E-06
1172.50 8.6320E-06
1177.50 8.5047E-06
1182.50 8.4826E-06
1187.50 8.4797E-06
1192.50 8.6210E-06
1197.50 8.3761E-06
1202.50 8.4908E-06
1207.50 8.4463E-06
1212.50 8.5055E-06
1217.50 8.5779E-06
1222.50 8.5677E-06
1227.50 8.5235E-06
1232.50 8.5382E-06
1237.50 8.5306E-06
1242.50 8.5038E-06
1247.50 8.5358E-06
1252.50 8.5012E-06
1257.50 8.4943E-06
1262.50 8.4914E-06
1267.50 8.4588E-06
1272.50 8.4920E-06
1277.50 8.4671E-06
1282.50 7.9942E-06
1287.50 8.4242E-06
1292.50 8.4197E-06
1297.50 8.4654E-06
1302.50 8.4110E-06
1307.50 8.4523E-06
1312.50 8.3593E-06
1317.50 8.3508E-06
1322.50 8.4266E-06
1327.50 8.3482E-06
1332.50 8.3849E-06
1337.50 8.3700E-06
1342.50 8.4034E-06
1347.50 8.3876E-06
1352.50 8.3841E-06
1357.50 8.3093E-06
1362.50 8.3334E-06
1367.50 8.3228E-06
1372.50 8.3145E-06
1377.50 8.3184E-06
1382.50 8.3262E-06
1387.50 8.3329E-06
1392.50 8.3203E-06
1397.50 8.3060E-06
1402.50 8.2621E-06
1407.50 8.2882E-06
1412.50 8.2043E-06
1417.50 8.2708E-06
1422.50 8.1669E-06
1427.50 8.0919E-06
1432.50 8.2170E-06
1437.50 8.2571E-06
1442.50 8.0294E-06
1447.50 8.2195E-06
1452.50 8.0925E-06
1457.00 8.1563E-06
1462.00 8.1477E-06
1467.50 8.1540E-06
1472.50 8.0584E-06
1477.50 8.0719E-06
1482.50 8.0948E-06
1487.50 7.9165E-06
1492.50 8.1618E-06
1497.50 8.0910E-06
1502.50 7.8775E-06
1507.50 7.9422E-06
1512.50 8.0792E-06
1517.50 8.1060E-06
1522.50 8.0132E-06
1527.50 8.0745E-06
1532.50 8.0416E-06
1537.50 8.0381E-06
1542.50 8.0340E-06
1547.50 8.0286E-06
1552.50 7.9693E-06
1557.50 7.9454E-06
1562.50 8.0237E-06
1567.50 7.8835E-06
1572.50 7.9241E-06
1577.50 7.6866E-06
1582.50 7.8462E-06
1587.50 7.6136E-06
1592.50 7.7890E-06
1597.50 7.8279E-06
1605.00 7.7976E-06
1615.00 7.7002E-06
1625.00 7.7840E-06
1635.00 7.6558E-06
1645.00 7.5294E-06
1655.00 7.6408E-06
1665.00 7.5852E-06
1675.00 7.4027E-06
1685.00 7.2331E-06
1695.00 7.4304E-06
1705.00 7.2947E-06
1715.00 7.2385E-06
1725.00 7.1223E-06
1735.00 6.8029E-06
1745.00 6.9750E-06
1755.00 6.9971E-06
1765.00 6.9315E-06
1775.00 6.8688E-06
1785.00 6.8389E-06
1795.00 6.7875E-06
1805.00 6.6936E-06
1815.00 6.3998E-06
1825.00 6.5096E-06
1835.00 6.5173E-06
1845.00 6.4164E-06
1855.00 6.4072E-06
1865.00 6.2974E-06
1875.00 5.9325E-06
1885.00 6.2096E-06
1895.00 6.0643E-06
1905.00 6.1555E-06
1915.00 6.0817E-06
1925.00 6.0389E-06
1935.00 5.9352E-06
1945.00 5.6402E-06
1955.00 5.8726E-06
1965.00 5.8272E-06
1975.00 5.7571E-06
1985.00 5.7449E-06
1995.00 5.6962E-06
2005.00 5.6771E-06
2015.00 5.6540E-06
2025.00 5.5631E-06
2035.00 5.4869E-06
2045.00 5.5152E-06
2055.00 5.4527E-06
2065.00 5.3794E-06
2075.00 5.3608E-06
2085.00 5.3156E-06
2095.00 5.2443E-06
2105.00 5.2477E-06
2115.00 5.1939E-06
2125.00 5.1499E-06
2135.00 5.1217E-06
2145.00 5.0909E-06
2155.00 5.0397E-06
2165.00 4.7769E-06
2175.00 4.9155E-06
2185.00 4.9035E-06
2195.00 4.9035E-06
2205.00 4.8187E-06
2215.00 4.8242E-06
2225.00 4.7816E-06
2235.00 4.7455E-06
2245.00 4.7112E-06
2255.00 4.6623E-06
2265.00 4.6262E-06
2275.00 4.6129E-06
2285.00 4.5469E-06
2295.00 4.4992E-06
2305.00 4.5002E-06
2315.00 4.4590E-06
2325.00 4.3865E-06
2335.00 4.3715E-06
2345.00 4.3704E-06
2355.00 4.2769E-06
2365.00 4.2955E-06
2375.00 4.2383E-06
2385.00 4.1696E-06
2395.00 4.1964E-06
2405.00 4.1678E-06
2415.00 4.0881E-06
2425.00 4.0956E-06
2435.00 4.0669E-06
2445.00 4.0307E-06
2455.00 3.9685E-06
2465.00 3.9949E-06
2475.00 3.9416E-06
2485.00 3.8832E-06
2495.00 3.9016E-06
2505.00 3.8818E-06
2515.00 3.8402E-06
2525.00 3.8347E-06
2535.00 3.8061E-06
2545.00 3.7585E-06
2555.00 3.7398E-06
2565.00 3.7118E-06
2575.00 3.7162E-06
2585.00 3.6409E-06
2595.00 3.6546E-06
2605.00 3.6378E-06
2615.00 3.5955E-06
2625.00 3.4464E-06
2635.00 3.5429E-06
2645.00 3.5220E-06
2655.00 3.5048E-06
2665.00 3.4656E-06
2675.00 3.4628E-06
2685.00 3.4619E-06
2695.00 3.4379E-06
2705.00 3.4191E-06
2715.00 3.3939E-06
2725.00 3.3736E-06
2735.00 3.3527E-06
2745.00 3.3375E-06
2755.00 3.2844E-06
2765.00 3.2748E-06
2775.00 3.2657E-06
2785.00 3.2484E-06
2795.00 3.2351E-06
2805.00 3.2131E-06
2815.00 3.1954E-06
2825.00 3.1740E-06
2835.00 3.1595E-06
2845.00 3.1286E-06
2855.00 3.1156E-06
2865.00 3.0876E-06
2875.00 3.0383E-06
2885.00 3.0546E-06
2895.00 3.0420E-06
2905.00 3.0230E-06
2915.00 3.0054E-06
2925.00 2.9748E-06
2935.00 2.9686E-06
2945.00 2.9458E-06
2955.00 2.9334E-06
2965.00 2.9165E-06
2975.00 2.8989E-06
2985.00 2.8828E-06
2995.00 2.8601E-06
3005.00 2.8430E-06
3015.00 2.8316E-06
3025.00 2.8110E-06
3035.00 2.7575E-06
3045.00 2.7622E-06
3055.00 2.7629E-06
3065.00 2.7427E-06
3075.00 2.7348E-06
3085.00 2.7105E-06
3095.00 2.6966E-06
3105.00 2.6872E-06
3115.00 2.6495E-06
3125.00 2.6536E-06
3135.00 2.6388E-06
3145.00 2.6258E-06
3155.00 2.6012E-06
3165.00 2.5926E-06
3175.00 2.5773E-06
3185.00 2.5642E-06
3195.00 2.5534E-06
3210.00 2.5278E-06
3230.00 2.5005E-06
3250.00 2.4724E-06
3270.00 2.4443E-06
3290.00 2.3898E-06
3310.00 2.3836E-06
3330.00 2.3583E-06
3350.00 2.3399E-06
3370.00 2.3120E-06
3390.00 2.2836E-06
3410.00 2.2572E-06
3430.00 2.2424E-06
3450.00 2.2207E-06
3470.00 2.1964E-06
3490.00 2.1747E-06
3510.00 2.1525E-06
3530.00 2.1268E-06
3550.00 2.1083E-06
3570.00 2.0841E-06
3590.00 2.0622E-06
3610.00 2.0469E-06
3630.00 2.0253E-06
3650.00 1.9970E-06
3670.00 1.9768E-06
3690.00 1.9492E-06
3710.00 1.9300E-06
3730.00 1.9124E-06
3750.00 1.8744E-06
3770.00 1.8814E-06
3790.00 1.8633E-06
3810.00 1.8468E-06
3830.00 1.8333E-06
3850.00 1.8175E-06
3870.00 1.7969E-06
3890.00 1.7778E-06
3910.00 1.7664E-06
3930.00 1.7496E-06
3950.00 1.7276E-06
3970.00 1.7164E-06
3990.00 1.6910E-06
4010.00 1.6794E-06
4030.00 1.6689E-06
4050.00 1.6350E-06
4070.00 1.6357E-06
4090.00 1.6229E-06
4110.00 1.6101E-06
4130.00 1.5978E-06
4150.00 1.5796E-06
4170.00 1.5664E-06
4190.00 1.5533E-06
4210.00 1.5324E-06
4230.00 1.5299E-06
4250.00 1.5129E-06
4270.00 1.5026E-06
4290.00 1.4713E-06
4310.00 1.4493E-06
4330.00 1.4443E-06
4350.00 1.4117E-06
4370.00 1.3960E-06
4390.00 1.3940E-06
4410.00 1.3570E-06
4430.00 1.3573E-06
4450.00 1.3497E-06
4470.00 1.3183E-06
4490.00 1.3220E-06
4510.00 1.3106E-06
4530.00 1.2849E-06
4550.00 1.2849E-06
4570.00 1.2786E-06
4590.00 1.2540E-06
4610.00 1.2547E-06
4630.00 1.2438E-06
4650.00 1.2257E-06
4670.00 1.2239E-06
4690.00 1.2194E-06
4710.00 1.2082E-06
4730.00 1.2056E-06
4750.00 1.1947E-06
4770.00 1.1843E-06
4790.00 1.1770E-06
4810.00 1.1645E-06
4830.00 1.1631E-06
4850.00 1.1510E-06
4870.00 1.1424E-06
4890.00 1.1355E-06
4910.00 1.1269E-06
4930.00 1.1192E-06
4950.00 1.1098E-06
4970.00 1.1028E-06
4990.00 1.0968E-06
5010.00 1.0851E-06
5030.00 1.0820E-06
5050.00 1.0701E-06
5070.00 1.0642E-06
5090.00 1.0587E-06
5110.00 1.0483E-06
5130.00 1.0397E-06
5150.00 1.0353E-06
5170.00 1.0320E-06
5190.00 1.0214E-06
5210.00 1.0133E-06
5230.00 1.0064E-06
5250.00 1.0020E-06
5270.00 9.9684E-07
5290.00 9.8544E-07
5310.00 9.8121E-07
5330.00 9.7414E-07
5350.00 9.6813E-07
5370.00 9.6071E-07
5390.00 9.5603E-07
5410.00 9.4967E-07
5430.00 9.3992E-07
5450.00 9.3741E-07
5470.00 9.2971E-07
5490.00 9.2329E-07
5510.00 9.1893E-07
5530.00 9.1470E-07
5550.00 9.0528E-07
5570.00 9.0327E-07
5590.00 8.9320E-07
5610.00 8.8951E-07
5630.00 8.8299E-07
5650.00 8.8003E-07
5670.00 8.7450E-07
5690.00 8.6607E-07
5710.00 8.6316E-07
5730.00 8.5781E-07
5750.00 8.5200E-07
5770.00 8.4636E-07
5790.00 8.4183E-07
5810.00 8.3586E-07
5830.00 8.3120E-07
5850.00 8.2681E-07
5870.00 8.2030E-07
5890.00 8.1414E-07
5910.00 8.0869E-07
5930.00 8.0606E-07
5950.00 7.9890E-07
5970.00 7.9661E-07
5990.00 7.9178E-07
6010.00 7.8648E-07
6030.00 7.8232E-07
6050.00 7.7731E-07
6070.00 7.7229E-07
6090.00 7.6712E-07
6110.00 7.6127E-07
6130.00 7.5860E-07
6150.00 7.5453E-07
6170.00 7.5001E-07
6190.00 7.4581E-07
6210.00 7.4144E-07
6230.00 7.3489E-07
6250.00 7.3141E-07
6270.00 7.2735E-07
6290.00 7.2348E-07
6310.00 7.1801E-07
6330.00 7.1582E-07
6350.00 7.1107E-07
6370.00 7.0713E-07
6390.00 7.0251E-07
6420.00 6.9695E-07
6460.00 6.8819E-07
6500.00 6.8013E-07
6540.00 6.7314E-07
6580.00 6.6565E-07
6620.00 6.5770E-07
6660.00 6.5059E-07
6700.00 6.4301E-07
6740.00 6.3542E-07
6780.00 6.2860E-07
6820.00 6.2180E-07
6860.00 6.1499E-07
6900.00 6.0817E-07
6940.00 6.0133E-07
6980.00 5.9514E-07
7020.00 5.8799E-07
7060.00 5.8222E-07
7100.00 5.7604E-07
7140.00 5.6989E-07
7180.00 5.6384E-07
7220.00 5.5780E-07
7260.00 5.5184E-07
7300.00 5.4637E-07
7340.00 5.4025E-07
7380.00 5.3503E-07
7420.00 5.2923E-07
7460.00 5.2201E-07
7500.00 5.1753E-07
7540.00 5.1329E-07
7580.00 5.0829E-07
7620.00 5.0316E-07
7660.00 4.9818E-07
7700.00 4.9292E-07
7740.00 4.8833E-07
7780.00 4.8355E-07
7820.00 4.7880E-07
7860.00 4.7414E-07
7900.00 4.6952E-07
7940.00 4.6497E-07
7980.00 4.6050E-07
8020.00 4.5594E-07
8060.00 4.5149E-07
8100.00 4.4746E-07
8140.00 4.4283E-07
8180.00 4.3889E-07
8220.00 4.3498E-07
8260.00 4.3087E-07
8300.00 4.2693E-07
8340.00 4.2270E-07
8380.00 4.1897E-07
8420.00 4.1528E-07
8460.00 4.1150E-07
8500.00 4.0778E-07
8540.00 4.0409E-07
8580.00 4.0048E-07
8620.00 3.9683E-07
8660.00 3.9339E-07
8700.00 3.8991E-07
8740.00 3.8632E-07
8780.00 3.8293E-07
8820.00 3.7950E-07
8860.00 3.7623E-07
8900.00 3.7294E-07
8940.00 3.6986E-07
8980.00 3.6645E-07
9020.00 3.6345E-07
9060.00 3.6055E-07
9100.00 3.5722E-07
9140.00 3.5423E-07
9180.00 3.5140E-07
9220.00 3.4852E-07
9260.00 3.4557E-07
9300.00 3.4277E-07
9340.00 3.3983E-07
9380.00 3.3704E-07
9420.00 3.3435E-07
9460.00 3.3153E-07
9500.00 3.2891E-07
9540.00 3.2618E-07
9580.00 3.2353E-07
9620.00 3.2092E-07
9660.00 3.1834E-07
9700.00 3.1590E-07
9740.00 3.1308E-07
9780.00 3.1065E-07
9820.00 3.0842E-07
9860.00 3.0602E-07
9900.00 3.0361E-07
9940.00 3.0112E-07
9980.00 2.9892E-07
10020.00 2.9661E-07
20000.00 7.6484E-08
40000.00 1.9213E-08
60000.00 8.4984E-09
80000.00 4.7524E-09
100000.00 3.0245E-09
120000.00 2.0897E-09
140000.00 1.5282E-09
160000.00 1.1651E-09
