 0.00  0.00   0.0
 0.00  0.10   0.0
 0.00  0.20   0.0
 0.00  0.30   0.0
 0.00  0.40   0.0
 0.00  0.50   0.0
 0.00  0.60   0.0
 0.00  0.70   0.0
 0.00  0.80   0.0
 0.00  0.90   0.0
 0.00  1.00   0.0
 0.30  0.00   0.0
 0.30  0.10   0.0
 0.30  0.20   0.0
 0.30  0.30   0.0
 0.30  0.40   0.0
 0.30  0.50   0.0
 0.30  0.60   1.7
 0.30  0.70   1.3
 0.30  0.80   1.0
 0.30  0.90   4.2
 0.30  1.00   0.0
 0.60  0.00 206.5
 0.60  0.10   0.0
 0.60  0.20   0.0
 0.60  0.30  42.4
 0.60  0.40  44.1
 0.60  0.50  62.9
 0.60  0.60  49.9
 0.60  0.70  50.4
 0.60  0.80  39.7
 0.60  0.90  57.7
 0.60  1.00   0.1
 0.90  0.00 269.9
 0.90  0.10   0.0
 0.90  0.20   0.0
 0.90  0.30  61.8
 0.90  0.40  74.4
 0.90  0.50  89.1
 0.90  0.60  79.1
 0.90  0.70  34.6
 0.90  0.80  50.4
 0.90  0.90  51.6
 0.90  1.00   0.9
 1.20  0.00  73.1
 1.20  0.10   0.0
 1.20  0.20   0.0
 1.20  0.30  17.3
 1.20  0.40  26.4
 1.20  0.50  19.1
 1.20  0.60  13.9
 1.20  0.70  17.8
 1.20  0.80  35.4
 1.20  0.90  25.0
 1.20  1.00   0.0
 1.50  0.00  39.9
 1.50  0.10   0.0
 1.50  0.20   0.0
 1.50  0.30  23.8
 1.50  0.40  16.4
 1.50  0.50  18.5
 1.50  0.60  10.0
 1.50  0.70   8.1
 1.50  0.80  13.9
 1.50  0.90   5.3
 1.50  1.00   0.0
 1.80  0.00  22.0
 1.80  0.10   0.0
 1.80  0.20   0.0
 1.80  0.30  13.6
 1.80  0.40  20.2
 1.80  0.50  12.9
 1.80  0.60   3.4
 1.80  0.70   2.6
 1.80  0.80   0.5
 1.80  0.90   2.0
 1.80  1.00   0.0
 2.10  0.00  13.3
 2.10  0.10   0.0
 2.10  0.20   0.0
 2.10  0.30   7.9
 2.10  0.40   9.8
 2.10  0.50   4.2
 2.10  0.60   3.2
 2.10  0.70   7.8
 2.10  0.80   2.2
 2.10  0.90   0.0
 2.10  1.00   0.0
 2.40  0.00  12.3
 2.40  0.10   0.0
 2.40  0.20   0.0
 2.40  0.30   7.7
 2.40  0.40   1.0
 2.40  0.50   2.0
 2.40  0.60   2.2
 2.40  0.70   0.3
 2.40  0.80   1.8
 2.40  0.90   2.0
 2.40  1.00   0.0
 2.70  0.00  10.9
 2.70  0.10   0.0
 2.70  0.20   0.0
 2.70  0.30   2.8
 2.70  0.40   1.3
 2.70  0.50   2.6
 2.70  0.60   1.5
 2.70  0.70   0.9
 2.70  0.80   1.3
 2.70  0.90   1.0
 2.70  1.00   0.0
 3.00  0.00   6.8
 3.00  0.10   0.0
 3.00  0.20   0.0
 3.00  0.30   0.1
 3.00  0.40   0.5
 3.00  0.50   0.1
 3.00  0.60   0.0
 3.00  0.70   1.1
 3.00  0.80   0.1
 3.00  0.90   0.0
 3.00  1.00   0.0
 3.30  0.00   0.0
 3.30  0.10   0.0
 3.30  0.20   0.0
 3.30  0.30   0.0
 3.30  0.40   0.0
 3.30  0.50   0.0
 3.30  0.60   0.0
 3.30  0.70   0.0
 3.30  0.80   0.0
 3.30  0.90   0.0
 3.30  1.00   0.0
 3.60  0.00   0.0
 3.60  0.10   0.0
 3.60  0.20   0.0
 3.60  0.30   0.0
 3.60  0.40   0.0
 3.60  0.50   0.0
 3.60  0.60   0.0
 3.60  0.70   0.0
 3.60  0.80   0.0
 3.60  0.90   0.0
 3.60  1.00   0.0
 3.90  0.00   0.0
 3.90  0.10   0.0
 3.90  0.20   0.0
 3.90  0.30   0.0
 3.90  0.40   0.0
 3.90  0.50   0.0
 3.90  0.60   0.0
 3.90  0.70   0.0
 3.90  0.80   0.0
 3.90  0.90   0.0
 3.90  1.00   0.0
 4.20  0.00   0.0
 4.20  0.10   0.0
 4.20  0.20   0.0
 4.20  0.30   0.0
 4.20  0.40   0.0
 4.20  0.50   0.0
 4.20  0.60   0.0
 4.20  0.70   0.0
 4.20  0.80   0.0
 4.20  0.90   0.0
 4.20  1.00   0.0
 4.50  0.00   0.0
 4.50  0.10   0.0
 4.50  0.20   0.0
 4.50  0.30   0.0
 4.50  0.40   0.0
 4.50  0.50   0.0
 4.50  0.60   0.0
 4.50  0.70   0.0
 4.50  0.80   0.0
 4.50  0.90   0.0
 4.50  1.00   0.0
 4.80  0.00   0.0
 4.80  0.10   0.0
 4.80  0.20   0.0
 4.80  0.30   0.0
 4.80  0.40   0.0
 4.80  0.50   0.0
 4.80  0.60   0.0
 4.80  0.70   0.0
 4.80  0.80   0.0
 4.80  0.90   0.0
 4.80  1.00   0.0
 5.10  0.00   0.0
 5.10  0.10   0.0
 5.10  0.20   0.0
 5.10  0.30   0.0
 5.10  0.40   0.0
 5.10  0.50   0.0
 5.10  0.60   0.0
 5.10  0.70   0.0
 5.10  0.80   0.0
 5.10  0.90   0.0
 5.10  1.00   0.0
 5.40  0.00   0.0
 5.40  0.10   0.0
 5.40  0.20   0.0
 5.40  0.30   0.0
 5.40  0.40   0.0
 5.40  0.50   0.0
 5.40  0.60   0.0
 5.40  0.70   0.0
 5.40  0.80   0.0
 5.40  0.90   0.0
 5.40  1.00   0.0
 5.70  0.00   0.0
 5.70  0.10   0.0
 5.70  0.20   0.0
 5.70  0.30   0.0
 5.70  0.40   0.0
 5.70  0.50   0.0
 5.70  0.60   0.0
 5.70  0.70   0.0
 5.70  0.80   0.0
 5.70  0.90   0.0
 5.70  1.00   0.0
