  11.240   11.193   11.176   11.227
  10.025   10.061    9.992   10.089
  12.339   12.293   12.371   12.373
  13.597   13.513   13.438   13.621
  13.398   13.398   13.408   13.477
  12.964   12.968   13.035   12.954
  11.207   11.144   11.229   11.224
  11.529   11.597   11.509   11.610
  12.348   12.371   12.398   12.425
  10.659   10.597   10.638   10.669
  13.633   13.587   13.625   13.700
  14.674   14.661   14.735   14.627
  10.798   10.856   10.784   10.822
  14.071   14.047   13.986   13.931
  14.142   14.103   14.244   14.234
  12.802   12.786   12.850   12.910
  13.772   13.757   13.733   13.792
  14.358   14.308   14.326   14.410
  13.875   13.836   13.955   13.968
  13.333   13.331   13.387   13.434
  11.885   11.888   11.887   11.956
  13.461   13.457   13.418   13.516
  14.770   14.681   14.697   14.890
  13.298   13.356   13.324   13.335
  13.649   13.668   13.704   13.830
  13.230   13.215   13.225   13.221
  14.392   14.414   14.439   14.764
  14.106   14.098   14.071   14.176
  14.273   14.245   14.023   13.999
  14.807   14.822   15.039   14.944
  11.864   11.878   11.867   11.882
  12.547   12.483   12.421   12.511
  14.651   14.780   14.685   14.601
  12.814   12.858   12.916   12.838
  13.600   13.480   13.382   13.345
  12.994   12.987   13.055   12.923
  14.463   14.495   14.363   14.442
  11.471   11.485   11.448   11.530
  13.213   13.253   13.260   13.306
  13.918   13.936   14.041   14.008
  13.427   13.398   13.453   13.470
  12.860   12.862   12.926   12.996
  13.190   13.166   13.251   13.280
  12.692   12.668   12.655   12.650
  13.614   13.660   13.661   13.730
  12.169   12.165   12.185   12.195
  12.522   12.597   12.585   12.633
  13.753   13.790   13.832   13.948
  11.858   11.901   11.889   11.913
  12.207   12.155   12.159   12.169
  13.398   13.398   13.421   13.388
  12.975   12.986   12.948   13.016
  12.863   12.953   12.973   12.953
  11.781   11.793   11.811   11.824
  13.042   13.067   12.991   13.068
  11.906   11.852   11.826   11.854
  11.096   11.139   10.999   11.111
  11.834   11.952   11.798   11.938
  14.081   14.130   14.082   14.329
  14.348   14.311   14.323   14.297
  14.243   14.246   14.334   14.368
  11.745   11.732   11.520   11.585
   8.980    9.053    9.027    9.093
  11.664   11.787   11.743   11.843
  13.704   13.730   13.795   13.917
  10.521   10.483   10.509   10.533
  13.348   13.307   13.319   13.402
  14.258   14.269   14.341   14.273
  13.592   13.623   13.703   13.741
  11.600   11.665   11.471   11.532
  11.680   11.702   11.723   11.749
  13.677   13.660   13.663   13.705
  13.948   13.932   13.881   14.050
  10.185   10.176   10.121   10.235
  13.087   13.031   13.048   13.090
  10.760   10.709   10.745   10.785
  14.089   14.041   14.000   13.949
  13.741   13.763   13.808   14.004
  13.806   13.760   13.621   13.685
  12.552   12.580   12.490   12.449
  12.884   12.876   12.839   12.857
  13.702   13.749   13.760   13.603
  12.630   12.702   12.636   12.689
  10.952   10.917   10.921   10.943
  13.712   13.748   13.813   13.889
  11.617   11.600   11.603   11.645
  12.489   12.514   12.522   12.564
  12.942   13.007   13.025   13.050
  13.264   13.274   13.340   13.413
  12.900   12.939   12.895   12.975
  13.966   13.898   14.018   14.239
  11.193   11.220   11.217   11.249
  11.650   11.712   11.591   11.615
  12.238   12.207   12.158   12.189
  14.559   14.557   14.694   14.752
  13.774   13.731   13.561   13.612
  10.296   10.404   10.377   10.436
  14.528   14.580   14.591   14.557
  11.367   11.392   11.383   11.450
  13.042   13.061   13.117   13.179
  12.939   12.869   13.101   12.926
  12.883   12.725   12.765   12.768
  12.899   12.887   12.973   13.039
  13.066   13.045   13.150   13.193
  11.487   11.462   11.376   11.472
  14.242   14.211   14.239   14.332
  14.111   14.165   14.140   14.312
  14.249   14.224   14.304   14.506
  13.458   13.411   13.445   13.447
  11.150   11.170   11.133   11.176
  14.617   14.600   14.591   14.762
  10.890   10.845   10.857   10.879
  14.679   14.669   14.877   14.868
  14.352   14.232   14.319   14.312
  13.334   13.259   13.293   13.254
  13.053   13.017   13.055   13.085
  11.358   11.297   11.347   11.339
  13.945   13.899   13.991   14.130
  14.724   14.708   14.808   14.732
   6.810    6.948    6.786    6.927
  12.823   12.820   12.795   12.815
  14.278   14.308   14.312   14.331
  13.958   13.823   14.114   13.971
  10.524   10.488   10.538   10.543
  13.917   14.016   13.812   13.916
  10.947   10.961   10.951   10.988
  13.528   13.534   13.302   13.320
  10.566   10.637   10.541   10.664
  14.533   14.551   14.566   14.597
  10.805   10.781   10.784   10.805
  14.599   14.631   14.477   14.567
  14.719   14.663   14.902   14.711
  13.878   13.890   13.934   14.138
  13.966   13.931   14.036   14.121
  12.127   12.114   12.095   12.100
  13.687   13.653   13.677   13.637
   9.872    9.947    9.847    9.957
  14.180   14.181   14.293   14.380
  11.696   11.709   11.636   11.706
  14.609   14.590   14.717   14.668
  14.533   14.540   14.563   14.616
  14.772   14.696   14.654   14.774
  11.173   11.078   11.127   11.153
  12.321   12.321   12.346   12.351
  11.284   11.323   11.275   11.337
  12.848   12.819   12.846   12.873
  14.116   14.092   14.170   14.332
  13.240   13.231   13.237   13.304
  13.083   13.083   12.963   13.019
  12.404   12.460   12.504   12.537
  12.456   12.463   12.470   12.541
  14.064   13.994   14.130   14.228
  13.743   13.727   13.765   13.791
  14.748   14.714   14.788   14.803
  13.217   13.170   13.058   13.144
  13.211   13.168   13.177   13.141
  12.741   12.775   12.776   12.840
  13.554   13.556   13.632   13.650
  10.235   10.299   10.302   10.375
  13.320   13.310   13.250   13.279
  13.688   13.694   13.742   13.816
  12.518   12.513   12.530   12.525
   8.601    8.633    8.618    8.696
  13.148   13.101   13.064   13.125
  14.788   14.760   14.602   14.696
  13.252   13.197   13.256   13.248
   9.236    9.227    8.921    9.156
  10.317   10.405   10.352   10.434
  12.879   12.871   12.879   12.979
  12.794   12.876   12.833   12.883
  12.716   12.683   12.678   12.726
  13.231   13.208   13.294   13.385
  14.498   14.517   14.661   14.789
  13.644   13.563   13.685   13.856
  14.215   14.193   14.180   14.435
  11.858   11.775   11.817   11.846
  11.124   11.110   11.107   11.139
  13.074   13.150   12.989   13.076
  13.752   13.745   13.823   13.846
  14.367   14.370   14.176   14.326
  12.448   12.423   12.456   12.494
  11.574   11.495   11.538   11.570
  14.503   14.457   14.605   14.649
  12.760   12.742   12.772   12.720
  10.984   10.915   10.942   10.955
  10.024   10.044    9.978   10.068
  12.739   12.681   12.712   12.734
  14.519   14.481   14.406   14.340
  13.540   13.562   13.531   13.699
  12.162   12.087   12.099   12.133
  14.296   14.249   14.298   14.382
  14.417   14.443   14.566   14.635
  12.540   12.528   12.530   12.598
  14.497   14.456   14.637   14.560
  13.023   13.072   13.079   13.110
  13.437   13.412   13.529   13.606
  12.521   12.559   12.484   12.530
  13.434   13.421   13.513   13.627
  13.377   13.401   13.442   13.544
  12.406   12.461   12.388   12.498
  13.777   13.726   13.963   14.203
  12.156   12.066   12.126   12.169
  12.947   12.948   12.807   12.911
   8.847    8.849    8.813    8.867
  11.469   11.488   11.419   11.499
  14.284   14.237   14.220   14.188
  13.311   13.237   13.292   13.366
  14.127   14.044   14.138   14.434
  13.601   13.583   13.631   13.696
  12.696   12.644   12.587   12.682
  12.337   12.388   12.226   12.344
  13.978   13.950   14.101   14.281
  12.010   11.954   11.919   11.935
  11.184   11.213   11.287   11.250
  13.053   12.978   13.050   13.075
  13.402   13.339   13.407   13.495
  10.532   10.504   10.426   10.497
  12.705   12.695   12.687   12.697
  13.780   13.761   13.810   14.048
  12.538   12.603   12.600   12.649
  12.071   12.045   12.071   12.106
  12.671   12.688   12.687   12.788
  12.282   12.390   12.348   12.403
  14.541   14.493   14.537   14.602
  13.792   13.718   13.670   13.738
  12.525   12.445   12.384   12.422
  13.822   13.864   14.045   14.007
  12.612   12.597   12.647   12.609
  11.288   11.356   11.327   11.391
  14.255   14.236   14.422   14.456
  12.933   12.856   12.874   12.915
  12.618   12.609   12.630   12.617
  14.706   14.623   14.682   14.662
  13.939   13.954   13.799   13.792
  12.540   12.537   12.357   12.382
  12.051   12.010   12.028   12.038
  13.754   13.789   13.766   13.884
  12.700   12.754   12.806   12.803
  12.947   12.934   12.960   12.953
  13.437   13.438   13.412   13.530
  11.817   11.838   11.832   11.901
  13.631   13.719   13.560   13.757
  10.338   10.351   10.331   10.345
  14.589   14.521   14.660   14.730
  11.572   11.512   11.517   11.603
  12.903   12.898   12.917   12.959
  10.876   10.990   10.878   10.974
  10.611   10.581   10.420   10.471
  13.263   13.259   13.086   13.125
  13.557   13.508   13.597   13.612
  11.932   11.936   11.889   11.944
  13.045   13.106   13.082   13.123
  14.137   14.089   14.245   14.663
  11.200   11.216   11.232   11.247
   8.992    9.022    8.917    9.014
  13.031   13.065   13.017   13.084
  14.453   14.457   14.384   14.354
  13.839   13.784   13.878   14.040
  11.864   11.894   11.875   11.923
   8.369    8.405    8.324    8.417
  13.087   13.113   13.192   13.162
  13.202   13.202   13.218   13.267
  12.146   12.138   12.159   12.199
  12.299   12.195   12.316   12.313
  12.740   12.725   12.700   12.732
  12.744   12.687   12.753   12.781
  13.845   13.823   14.036   13.974
  13.901   13.881   13.957   14.051
  14.520   14.493   14.651   14.579
  12.742   12.775   12.620   12.641
  14.439   14.416   14.533   14.408
  14.558   14.480   14.594   14.709
  12.606   12.557   12.229   12.332
  13.688   13.658   13.575   13.687
  14.232   14.233   14.365   14.347
  12.899   12.898   12.877   12.950
  13.590   13.587   13.606   13.630
  12.977   13.027   12.979   12.972
  13.777   13.804   13.871   14.060
  14.230   14.192   14.052   14.098
  13.627   13.610   13.495   13.500
  13.959   13.940   13.988   14.174
  12.092   11.980   11.908   12.011
  13.507   13.482   13.562   13.572
  13.723   13.698   13.816   13.797
  13.701   13.711   13.671   13.767
  14.694   14.656   14.719   14.480
  14.057   14.047   14.083   14.018
  13.709   13.687   13.769   13.792
  14.363   14.312   14.389   14.310
  12.809   12.777   12.851   12.917
  11.904   11.902   11.395   11.468
  13.836   13.845   13.819   13.774
  12.976   13.014   13.018   13.025
   8.309    8.352    8.273    8.357
  14.054   14.053   14.012   13.995
  14.102   14.041   14.156   14.303
  14.130   14.103   14.126   14.219
  13.050   12.973   13.136   13.120
  12.585   12.550   12.585   12.617
  12.609   12.547   12.632   12.575
  13.613   13.587   13.624   13.699
  12.189   12.103   12.214   12.207
  12.977   13.014   13.024   13.113
  12.221   12.201   12.217   12.292
  11.205   11.195   11.214   11.220
  14.025   14.029   13.980   13.917
  14.415   14.361   14.390   14.618
  13.335   13.204   13.329   13.336
  14.389   14.379   14.444   14.395
  13.384   13.366   13.445   13.484
  13.478   13.376   13.663   13.475
  10.333   10.346   10.339   10.431
  12.240   12.148   12.218   12.260
  13.956   13.934   13.487   13.600
  12.338   12.352   12.396   12.411
  11.861   11.816   11.773   11.835
  13.798   13.771   13.832   13.905
  13.120   13.142   13.222   13.180
  14.307   14.276   14.280   14.640
  13.966   13.823   13.928   13.953
  13.582   13.489   13.683   13.661
  13.275   13.253   13.307   13.355
  13.283   13.270   13.254   13.328
  14.379   14.361   14.526   14.327
  14.446   14.364   14.517   14.575
  14.185   14.141   14.304   14.409
  11.683   11.698   11.678   11.705
  14.323   14.339   14.444   14.493
  13.776   13.755   13.793   13.832
  12.304   12.269   12.307   12.344
  13.095   13.079   13.037   13.097
  12.593   12.536   12.566   12.586
  14.010   14.033   13.936   14.049
  14.129   14.082   14.188   14.310
  14.426   14.420   14.413   14.699
  12.755   12.786   12.780   12.770
  13.428   13.421   13.514   13.639
  14.280   14.300   14.459   14.695
  12.484   12.514   12.519   12.530
  11.306   11.284   11.312   11.383
  12.709   12.650   12.623   12.655
  12.658   12.642   12.641   12.668
  14.042   14.025   14.045   13.955
  12.431   12.418   12.500   12.518
  10.634   10.700   10.644   10.737
  12.995   12.970   13.019   13.025
  13.509   13.507   13.545   13.598
  12.317   12.245   12.369   12.409
  14.185   14.175   14.294   14.410
  14.428   14.440   14.321   14.531
  14.154   14.155   14.135   14.144
  13.109   13.040   13.135   13.137
  11.366   11.329   11.362   11.415
  13.778   13.771   13.707   13.925
  14.358   14.283   14.488   14.686
  13.937   13.996   13.637   13.587
  12.235   12.230   12.254   12.255
  12.427   12.430   12.399   12.439
  12.754   12.756   12.666   12.701
  14.148   14.158   14.124   14.089
  12.747   12.686   12.501   12.548
  12.827   12.873   12.851   12.893
  13.440   13.420   13.458   13.491
  14.167   14.153   13.953   13.953
  12.465   12.511   12.477   12.541
  14.046   14.060   14.177   14.085
  14.126   14.128   14.174   14.342
  11.262   11.248   11.223   11.247
  12.575   12.572   12.546   12.577
   8.383    8.376    8.341    8.432
  14.542   14.565   14.712   14.874
  13.595   13.553   13.656   13.663
  12.582   12.518   12.599   12.552
  13.793   13.759   13.837   13.939
  13.950   13.886   13.942   13.872
  12.830   12.719   12.626   12.645
  13.733   13.799   13.907   14.028
  11.018   11.005   10.777   10.908
  14.919   14.902   14.974   14.940
  12.226   12.170   12.193   12.217
  14.263   14.303   14.362   14.268
  13.870   13.861   13.928   13.812
  12.019   11.995   12.003   12.056
   8.723    8.751    8.727    8.793
  13.777   13.786   13.734   13.755
  15.008   14.947   14.848   14.550
  14.023   14.041   14.100   14.124
  13.886   13.866   13.925   14.026
  13.507   13.549   13.391   13.363
  14.212   14.223   14.412   14.436
  13.521   13.510   13.510   13.433
   8.654    8.595    8.515    8.581
  10.321   10.409   10.358   10.438
  13.679   13.650   13.707   13.790
  11.833   11.812   11.838   11.857
  12.812   12.767   12.787   12.866
  11.596   11.658   11.565   11.605
  14.561   14.499   14.755   14.682
  14.440   14.433   14.567   14.740
  12.463   12.481   12.377   12.383
  12.370   12.370   12.417   12.409
  13.897   13.849   13.847   13.834
  12.436   12.380   12.391   12.400
  13.929   13.921   14.046   14.122
  13.076   13.088   12.961   13.013
  14.210   14.102   14.482   14.330
  12.535   12.480   12.533   12.572
  13.977   13.961   13.987   14.172
  13.521   13.497   13.388   13.392
  10.389   10.352   10.353   10.365
  14.461   14.483   14.524   14.740
  14.485   14.423   14.762   14.888
  10.674   10.662   10.676   10.763
  13.367   13.233   13.204   13.232
  13.583   13.611   13.695   13.810
  11.976   11.959   11.792   11.711
  13.500   13.477   13.401   13.507
  12.974   12.974   12.956   13.024
  14.320   14.349   14.190   14.263
  12.140   12.125   12.139   12.313
  13.320   13.233   13.299   13.343
  14.137   14.100   14.202   14.335
  11.944   11.865   11.920   11.963
  14.151   14.087   14.057   13.957
  13.307   13.234   13.381   13.352
  12.279   12.244   12.307   12.332
  14.449   14.459   14.545   14.498
  12.640   12.646   12.647   12.674
  14.005   13.881   14.126   13.926
  13.069   13.055   13.108   13.079
  12.279   12.181   12.241   12.239
  14.426   14.424   14.240   14.394
  14.123   14.185   13.925   14.033
  14.286   14.314   14.027   14.222
  12.039   12.037   12.066   12.073
  12.951   12.959   12.972   12.975
  12.238   12.268   12.285   12.294
  13.419   13.400   13.477   13.490
  13.444   13.466   13.540   13.526
  12.870   12.864   12.893   12.914
  12.042   11.957   12.024   12.049
  14.128   14.087   14.386   14.396
  11.581   11.535   11.612   11.587
  14.330   14.362   14.384   14.446
  12.041   12.041   12.009   12.052
  12.593   12.607   12.640   12.713
  11.803   11.805   11.685   11.649
  13.540   13.552   13.614   13.804
  13.445   13.463   13.416   13.490
  12.969   12.948   12.919   13.000
  13.441   13.408   13.400   13.350
  10.478   10.459   10.405   10.450
  14.140   14.101   14.049   14.135
  13.653   13.656   13.758   14.063
  11.738   11.736   11.693   11.769
  14.269   14.273   14.475   14.510
  13.334   13.372   13.398   13.495
  10.966   10.926   10.859   10.935
  11.892   11.874   11.841   11.914
  11.788   11.726   11.747   11.753
  14.030   14.054   14.044   14.106
  12.216   12.202   12.277   12.321
  11.394   11.376   11.398   11.424
  12.703   12.715   12.772   12.847
  13.317   13.290   13.300   13.368
  14.485   14.483   14.416   14.502
  13.831   13.836   13.881   13.979
  11.899   11.883   11.844   11.888
  12.947   12.954   12.833   12.849
  13.878   13.859   13.946   14.096
  12.391   12.328   12.357   12.357
  12.708   12.677   12.663   12.718
   6.775    6.895    6.826    6.915
  13.502   13.530   13.535   13.533
  13.166   13.202   13.218   13.177
  13.142   13.147   13.191   13.129
  10.959   10.971   10.987   11.007
  14.378   14.340   14.382   14.452
  14.380   14.284   14.528   14.646
  11.816   11.784   11.790   11.799
  13.655   13.647   13.686   13.772
  13.790   13.734   13.827   14.009
  10.918   10.867   10.875   10.896
  14.502   14.513   14.615   14.693
  13.769   13.730   13.653   13.621
  14.117   14.150   14.220   14.249
  12.492   12.511   12.262   12.324
  14.647   14.608   14.590   14.550
  14.095   14.002   14.031   13.917
  13.922   13.960   14.205   14.433
  13.496   13.450   13.527   13.554
  14.266   14.241   14.121   14.253
  13.224   13.196   13.297   13.238
  12.425   12.427   12.422   12.441
  11.795   11.868   11.775   11.876
  14.756   14.819   14.748   14.775
  12.218   12.154   12.208   12.202
  12.744   12.730   12.868   12.934
  13.948   13.946   14.171   14.678
  10.346   10.373   10.343   10.366
  12.730   12.760   12.801   12.817
  12.049   12.038   12.070   12.095
  12.003   11.920   11.851   11.877
  11.715   11.664   11.662   11.652
  12.159   12.157   12.142   12.169
  11.825   11.848   11.532   11.617
  10.023   10.048    9.984   10.068
   8.529    8.534    8.476    8.544
  12.485   12.458   12.498   12.568
  11.256   11.258   11.258   11.302
  12.170   12.160   12.190   12.191
  14.409   14.392   14.459   14.408
  11.415   11.393   11.403   11.447
  13.046   13.029   12.652   12.683
  12.529   12.547   12.454   12.543
   7.299    7.381    7.295    7.417
  11.858   11.858   11.735   11.787
  14.149   14.103   14.172   14.225
  10.783   10.786   10.810   10.832
  14.786   14.709   14.756   14.750
  14.265   14.349   14.385   14.335
  12.417   12.423   12.484   12.491
  14.090   14.060   14.047   14.328
  14.004   14.021   14.023   14.020
  13.295   13.287   13.208   13.261
  11.619   11.593   11.562   11.591
  10.232   10.240   10.204   10.214
  13.414   13.391   13.440   13.458
  13.948   13.954   13.923   13.864
  13.707   13.693   13.695   13.707
  12.320   12.350   12.433   12.483
  12.262   12.242   12.262   12.263
  12.827   12.856   12.861   12.890
  13.467   13.364   13.382   13.561
  13.326   13.295   13.294   13.367
  12.274   12.286   12.276   12.278
  12.186   12.142   12.223   12.170
  12.723   12.635   12.564   12.635
  10.855   10.875   10.733   10.878
  12.815   12.810   12.912   12.991
  11.222   11.222   11.188   11.218
  14.033   14.039   14.002   14.096
  12.125   12.040   12.085   12.151
  10.399   10.449   10.371   10.444
  14.045   13.966   13.848   13.921
  12.736   12.727   12.748   12.847
  13.145   13.079   13.162   13.145
  13.774   13.748   13.817   13.877
  12.248   12.246   12.231   12.297
  12.893   12.899   12.904   12.949
  10.273   10.282   10.261   10.283
  11.304   11.279   11.271   11.340
  12.670   12.671   12.517   12.580
  12.624   12.604   12.616   12.661
  14.090   14.094   13.897   13.826
  13.582   13.570   13.613   13.564
  13.421   13.447   13.420   13.561
  10.241   10.223   10.257   10.302
  13.975   13.902   13.842   13.937
  13.876   13.873   13.952   14.130
  11.814   11.785   11.821   11.856
  11.888   11.924   11.786   11.870
  14.029   13.994   14.058   14.162
  14.506   14.528   14.470   14.659
  12.482   12.486   12.467   12.436
  14.185   14.161   14.324   14.419
   9.813    9.811    9.841    9.867
   7.931    7.997    7.941    8.020
  13.254   13.262   13.300   13.200
  13.659   13.669   13.739   13.708
  13.941   13.920   14.674   14.341
  13.152   13.077   13.070   13.077
  10.574   10.552   10.533   10.568
  12.764   12.726   12.751   12.728
  11.817   11.796   11.822   11.812
  12.547   12.495   12.021   12.194
  12.607   12.566   12.485   12.481
  14.746   14.577   14.860   14.685
  15.272   14.870   15.749   14.867
  13.665   13.556   13.628   13.620
  14.509   14.585   14.524   14.430
  12.542   12.535   12.547   12.542
  14.161   14.153   14.174   14.188
  11.331   11.299   11.293   11.328
  13.990   14.016   14.160   14.301
  12.976   12.969   12.996   13.056
   8.482    8.567    8.509    8.574
  14.051   14.033   14.158   14.173
  14.251   14.248   14.333   14.508
  11.010   10.939   10.974   10.978
  14.519   14.374   14.360   14.314
  13.966   14.005   14.015   14.084
  12.003   11.998   11.947   11.946
  11.922   11.867   11.960   12.027
  13.919   13.835   13.899   13.761
  11.890   11.873   11.980   12.001
  12.498   12.489   12.288   12.393
   7.981    8.128    8.064    8.160
  10.331   10.400   10.273   10.379
  11.770   11.735   11.815   11.786
  11.578   11.583   11.552   11.654
  10.182   10.081   10.080   10.082
  14.982   14.880   15.303   14.915
  13.251   13.289   13.341   13.396
  12.943   12.801   12.909   12.904
  14.353   14.345   14.349   14.466
  12.784   12.813   12.962   12.963
  10.077   10.059   10.043   10.065
  14.427   14.350   14.527   14.879
  14.163   14.132   14.191   14.171
  13.120   13.090   13.128   13.071
  11.729   11.701   11.622   11.660
  13.325   13.332   13.474   13.596
  12.474   12.475   12.679   12.687
  12.167   12.005   12.165   12.210
  12.985   13.024   13.008   13.080
  14.450   14.508   14.714   14.745
  14.560   14.594   14.535   14.547
  12.723   12.734   12.804   12.936
  13.818   13.763   13.865   13.980
  12.400   12.381   12.588   12.683
  12.128   12.066   12.140   12.135
  10.452   10.493   10.494   10.540
  13.758   13.748   13.841   13.922
  11.859   11.826   11.784   11.845
  12.968   12.964   13.082   13.199
  11.465   11.469   11.451   11.479
  11.379   11.305   11.323   11.349
  11.346   11.404   11.094   11.084
  11.955   11.919   12.031   12.048
  12.136   12.051   12.064   12.132
  12.624   12.594   12.685   12.680
  14.393   14.436   14.420   14.437
  13.995   13.967   14.078   14.257
  11.439   11.449   11.418   11.464
  10.442   10.534   10.430   10.502
  13.379   13.368   13.453   13.490
  13.126   13.115   13.202   13.274
  13.632   13.654   13.662   13.805
  13.199   13.121   13.229   13.186
   8.074    8.146    8.096    8.174
  12.502   12.560   12.337   12.331
  10.454   10.474   10.399   10.437
  10.725   10.640   10.523   10.508
  12.487   12.493   12.565   12.571
  11.452   11.400   11.481   11.476
   6.400    6.561    6.429    6.525
  12.917   12.961   13.023   12.989
   8.108    8.171    8.008    8.143
  10.538   10.554   10.489   10.519
  13.265   13.263   13.401   13.414
  11.237   11.174   11.264   11.328
  12.603   12.629   12.690   12.653
  10.945   10.899   10.842   10.873
  14.482   14.516   14.592   14.520
  11.472   11.437   11.482   11.537
  12.382   12.388   12.448   12.446
  12.620   12.645   12.651   12.687
  12.068   11.982   12.202   12.208
  10.590   10.611   10.606   10.641
  13.878   13.869   13.975   14.138
  12.184   12.185   12.301   12.263
  11.436   11.398   11.405   11.427
   9.872    9.948    9.875    9.944
  14.127   14.060   14.200   14.470
  10.532   10.567   10.532   10.624
  13.776   13.837   14.468   14.492
  12.507   12.435   12.378   12.407
  11.458   11.470   11.434   11.509
  12.694   12.720   12.772   12.782
  13.001   12.997   13.097   13.176
  10.575   10.549   10.579   10.602
  12.787   12.812   12.679   12.749
  13.305   13.278   13.204   13.241
  12.064   12.031   12.069   12.076
  14.190   14.175   14.245   14.458
  12.950   13.032   13.034   13.038
   7.961    8.071    7.943    8.045
  10.835   10.846   10.842   10.859
  13.631   13.599   13.667   13.695
  13.962   13.994   13.999   14.091
  12.273   12.197   12.164   12.183
  14.460   14.420   14.577   14.711
  11.806   11.770   11.647   11.584
  11.686   11.651   11.649   11.690
  13.873   13.864   13.911   13.972
  11.917   11.854   11.902   11.879
  14.053   14.015   14.077   14.090
  10.609   10.551   10.576   10.601
  13.971   13.979   14.140   14.143
  13.004   12.974   13.028   13.048
  11.149   11.140   11.107   11.128
  13.639   13.631   13.579   13.684
  13.270   13.207   13.253   13.267
   8.666    8.675    8.636    8.713
   8.873    8.877    8.869    8.881
  11.252   11.223   11.247   11.292
  13.476   13.475   13.492   13.577
  14.377   14.337   14.401   14.605
   8.031    8.116    7.915    8.040
  10.327   10.341   10.332   10.351
   7.283    7.368    7.309    7.412
  13.035   13.018   13.006   13.081
   8.524    8.588    8.506    8.567
  13.728   13.638   13.744   13.784
  11.540   11.487   11.512   11.539
  11.846   11.810   11.773   11.821
  12.954   12.986   12.975   12.996
  13.703   13.685   13.819   13.863
  12.681   12.644   12.652   12.656
  11.533   11.487   11.443   11.465
  11.570   11.500   11.575   11.579
  11.769   11.781   11.596   11.649
  11.635   11.631   11.430   11.455
  10.671   10.656   10.643   10.658
  13.092   13.106   13.138   13.170
   9.596    9.551    9.479    9.483
  14.255   14.127   14.470   14.316
  11.030   10.975   10.970   10.980
  13.340   13.323   13.228   13.169
  10.885   10.829   10.734   10.760
  14.119   14.094   14.222   14.310
  14.034   14.064   14.112   14.276
  11.790   11.787   11.705   11.730
  14.317   14.307   14.461   14.520
  13.344   13.255   13.349   13.311
  13.997   14.005   14.251   14.349
  12.324   12.183   11.848   11.883
  11.682   11.649   11.700   11.712
   8.567    8.705    8.611    8.675
  13.608   13.654   13.741   13.753
  13.719   13.712   13.731   13.689
  14.338   14.421   14.521   14.461
  13.885   13.866   13.833   13.860
  12.865   12.883   12.841   12.878
  14.891   14.917   14.826   14.815
  11.781   11.760   11.790   11.808
  12.207   12.237   12.173   12.145
  14.146   14.112   14.209   14.331
   8.573    8.615    8.503    8.582
  13.041   13.115   13.191   13.219
  13.665   13.623   13.720   13.731
  13.943   13.914   14.015   14.119
  15.017   15.046   15.295   14.772
  12.255   12.268   12.221   12.262
  13.269   13.294   13.342   13.379
  12.010   11.957   11.989   11.991
  11.146   11.132   11.010   11.136
  12.547   12.527   12.628   12.644
  13.929   13.942   13.867   13.923
  10.613   10.574   10.572   10.576
  11.585   11.582   11.612   11.647
  14.521   14.595   14.522   14.563
  14.039   14.038   14.109   14.354
  14.010   13.951   13.933   14.191
  13.052   13.108   13.120   13.134
  13.923   13.915   14.071   14.198
  14.605   14.576   14.468   14.542
   9.421    9.358    9.390    9.391
  14.111   14.102   14.222   14.365
   8.512    8.614    8.524    8.627
  13.991   13.975   13.972   14.104
  12.944   12.966   13.013   13.112
  12.000   11.956   12.011   12.045
  12.806   12.878   12.300   12.459
  13.891   13.914   13.993   14.276
  12.633   12.670   12.588   12.698
  13.112   13.064   13.133   13.295
  14.227   14.195   14.400   14.838
  12.919   12.918   12.937   12.958
  12.932   12.937   12.425   12.456
  13.808   13.831   13.935   14.100
  14.459   14.534   14.552   14.683
  14.602   14.660   14.599   14.171
  13.649   13.553   13.653   13.652
  14.210   14.228   14.280   14.266
  14.455   14.436   14.611   14.830
  12.953   12.979   13.009   13.102
  11.670   11.677   11.678   11.735
  14.123   14.047   14.195   14.343
  12.379   12.384   12.341   12.364
  12.805   12.769   12.775   12.835
  11.010   10.985   10.917   10.928
  13.166   13.104   13.211   13.136
  13.320   13.319   13.135   13.235
  13.373   13.396   13.329   13.410
  13.604   13.658   13.674   13.934
  13.506   13.454   13.582   13.653
  14.337   14.264   14.387   14.612
   9.254    8.843    9.253    8.773
  12.675   12.678   12.683   12.647
  14.218   14.208   14.323   14.259
  10.135   10.118   10.111   10.161
  10.963   10.976   10.963   10.991
  14.706   14.732   14.799   14.851
  12.892   12.884   12.918   12.978
  14.524   14.540   14.354   14.659
  14.200   14.080   14.317   14.518
  13.067   12.996   13.082   13.142
  14.538   14.570   14.502   14.594
  13.789   13.814   13.587   13.639
  12.947   12.938   12.963   12.974
  13.467   13.414   13.510   13.571
  12.942   13.033   12.818   12.755
  11.528   11.558   11.468   11.530
  11.890   11.865   11.902   11.892
  11.600   11.576   11.607   11.625
   7.853    7.922    7.865    7.951
  12.399   12.323   12.301   12.354
  13.463   13.454   13.502   13.619
  14.108   14.060   14.136   14.241
  11.312   11.248   11.293   11.317
  11.358   11.382   11.010   11.081
  11.917   11.964   11.960   12.042
  13.730   13.648   13.718   13.736
  12.478   12.516   12.495   12.538
  13.176   13.148   13.209   13.265
  10.712   10.680   10.697   10.722
  11.015   10.940   11.037   11.041
   9.107    9.103    9.125    9.138
  10.793   10.750   10.745   10.764
  14.669   14.632   14.341   14.380
  11.721   11.712   11.693   11.735
  12.882   12.879   13.007   13.089
  13.869   13.855   13.836   13.938
  12.952   12.937   12.970   12.977
  10.888   10.870   10.898   10.921
  14.581   14.534   14.557   14.509
  13.846   13.817   13.509   13.556
  12.909   12.897   12.937   12.991
  14.206   14.163   14.192   14.223
  12.762   12.713   12.771   12.820
  12.928   12.920   12.916   12.925
  11.699   11.704   11.767   11.761
  13.376   13.299   13.420   13.460
  10.965   10.934   10.898   10.942
  14.171   14.197   14.184   14.466
  13.188   13.196   13.253   13.236
  11.903   11.858   11.870   11.879
  14.101   14.152   14.245   14.332
  14.117   14.110   14.141   14.201
  13.016   13.035   13.108   13.144
  14.690   14.709   14.870   14.881
  15.563   15.582   15.095   14.875
  13.676   13.588   13.727   13.761
  13.382   13.423   13.382   13.384
  12.658   12.611   12.616   12.620
  13.350   13.348   13.367   13.332
  11.562   11.628   11.583   11.637
  14.213   14.230   14.223   14.202
  10.539   10.525   10.469   10.507
  12.854   12.814   12.818   12.793
  12.958   12.979   12.894   12.926
  12.626   12.633   12.748   12.753
  11.810   11.788   11.896   11.917
  10.560   10.655   10.653   10.668
  13.951   13.964   14.085   14.219
  13.163   13.150   13.234   13.346
  14.285   14.243   14.299   14.343
  14.668   14.657   14.515   14.652
  11.254   11.199   11.177   11.233
  14.408   14.232   14.504   14.396
  12.508   12.534   12.414   12.454
  14.028   13.974   14.053   14.312
  14.254   14.253   14.345   14.644
  14.190   14.492   14.445   14.544
  13.100   13.056   13.088   13.103
  13.600   13.576   13.704   13.704
  12.626   12.604   12.609   12.648
  13.623   13.762   13.669   13.711
  14.240   14.168   14.313   14.353
  13.816   13.788   13.776   13.856
  12.371   12.373   12.408   12.390
  12.317   12.232   12.260   12.256
  11.843   11.867   11.859   11.882
  14.739   14.701   14.674   14.524
  11.727   11.705   11.771   11.773
   8.692    8.769    8.549    8.615
  13.988   13.963   14.069   14.230
  12.955   13.050   13.105   13.111
  11.198   11.181   11.164   11.186
  13.881   13.892   13.728   13.805
  12.408   12.415   12.474   12.525
  13.238   13.239   13.263   13.364
  14.432   14.375   14.520   14.582
  11.222   11.161   11.145   11.180
  13.532   13.475   13.537   13.577
  14.623   14.615   14.753   14.780
  11.044   11.034   11.080   11.092
  14.279   14.347   14.380   14.640
   8.187    8.252    8.160    8.280
  11.715   11.713   11.295   11.413
  12.908   12.917   12.955   12.954
  11.477   11.443   11.329   11.411
  14.299   14.305   14.257   14.627
  12.026   11.993   12.076   12.080
  11.972   11.953   12.000   12.023
  13.344   13.385   13.240   13.318
  12.287   12.181   12.259   12.315
  12.528   12.584   12.533   12.669
  11.949   11.880   11.937   11.949
  12.442   12.377   12.422   12.360
  14.033   14.064   14.278   14.593
  13.723   13.692   13.744   13.942
  14.077   14.216   14.304   14.553
  12.844   12.796   12.821   12.869
  14.533   14.616   14.405   14.403
  11.595   11.604   11.581   11.568
  12.029   11.957   12.098   12.117
  11.869   11.868   11.881   11.871
  13.793   13.732   13.782   13.746
  13.872   13.855   13.961   14.124
  14.229   14.219   14.178   14.268
  11.979   11.945   11.863   11.913
  12.967   12.982   12.925   12.927
  12.456   12.432   12.504   12.473
  12.950   13.045   12.959   12.966
  12.573   12.547   12.554   12.552
  12.816   12.800   12.679   12.646
  11.436   11.386   11.415   11.440
  10.408   10.388   10.357   10.396
  13.844   13.763   13.792   13.813
  12.415   12.419   12.467   12.497
  12.719   12.693   12.652   12.775
  13.470   13.446   13.548   13.644
  10.955   10.926   10.665   10.738
  12.517   12.468   12.502   12.539
  12.991   12.944   12.983   13.028
  14.491   14.439   14.468   14.526
  12.252   12.231   12.204   12.242
  11.583   11.567   11.569   11.614
  11.884   11.890   11.820   11.861
  12.701   12.634   12.778   12.763
  14.025   14.036   14.054   14.009
  12.718   12.665   12.674   12.676
  14.684   14.709   14.596   14.606
  13.165   13.157   13.069   13.062
  10.105   10.066   10.075   10.117
  13.301   13.322   13.358   13.492
  12.708   12.715   12.766   12.906
  14.155   14.127   14.181   14.300
  12.231   12.208   12.216   12.279
  13.419   13.383   13.422   13.555
  12.558   12.519   12.586   12.633
  13.253   13.254   13.166   13.114
  13.625   13.558   13.707   13.828
  14.008   13.908   13.964   14.309
  12.452   12.310   12.499   12.500
  11.066   11.104   11.016   11.111
  11.603   11.585   11.350   11.402
  13.849   13.824   14.024   14.077
  11.314   11.281   11.286   11.333
  12.462   12.539   12.545   12.548
  10.638   10.662   10.589   10.642
  14.263   14.282   14.458   14.392
  11.845   11.838   11.904   11.920
  14.071   14.030   14.162   14.252
  12.920   12.943   12.970   12.946
  14.199   14.192   14.112   14.132
  14.093   14.166   14.055   14.007
  12.013   11.975   12.055   12.044
  14.354   14.354   14.322   14.196
  10.759   10.711   10.613   10.660
  11.686   11.716   11.673   11.727
  13.988   13.915   13.945   13.926
  12.183   12.129   12.215   12.201
  13.559   13.580   13.697   13.636
  13.585   13.596   13.724   13.740
  13.439   13.441   13.336   13.385
  11.814   11.793   11.820   11.869
  13.865   13.847   13.802   13.828
  13.478   13.502   13.463   13.519
  13.685   13.684   13.687   13.755
  14.424   14.403   14.035   14.069
  12.289   12.256   12.238   12.277
  13.748   13.753   13.574   13.619
   7.777    7.851    7.812    7.911
  11.765   11.729   11.710   11.788
  10.604   10.585   10.608   10.603
  10.879   10.867   10.765   10.815
  14.507   14.498   14.599   14.654
  12.411   12.396   12.439   12.433
  10.976   10.981   10.938   10.973
  12.374   12.377   12.385   12.422
  13.824   13.836   13.856   14.023
  14.097   14.221   14.343   14.446
  12.504   12.559   12.464   12.537
  14.107   14.124   14.270   14.557
  12.576   12.558   12.599   12.616
  15.102   15.017   15.072   14.844
  10.771   10.754   10.744   10.756
  12.266   12.247   12.262   12.261
  13.064   13.021   13.216   13.239
  11.082   11.137   10.971   11.099
  12.803   12.749   12.775   12.838
  11.905   11.883   11.832   11.866
  14.065   14.067   13.893   14.023
  11.367   11.310   11.163   11.204
  11.688   11.699   11.780   11.789
  13.474   13.477   13.527   13.737
  13.443   13.456   13.477   13.442
  10.999   10.979   10.960   11.026
  12.367   12.313   12.366   12.335
  13.807   13.824   13.899   13.944
  13.230   13.196   13.201   13.193
  11.796   11.737   11.728   11.767
  13.982   13.936   14.129   13.912
  13.473   13.461   13.511   13.593
  13.237   13.227   13.285   13.324
  13.777   13.730   13.879   13.831
  11.656   11.657   11.694   11.689
  13.528   13.531   13.563   13.661
  14.347   14.334   14.438   14.429
  14.023   14.001   14.029   14.069
  13.363   13.377   13.327   13.380
  14.571   14.515   14.840   14.728
  12.116   12.103   12.168   12.159
   7.702    7.836    7.750    7.855
  14.333   14.249   14.461   14.316
  12.169   12.132   12.210   12.199
  13.380   13.367   13.458   13.430
  13.486   13.464   13.534   13.559
  13.669   13.626   13.687   13.772
  12.447   12.452   12.531   12.510
  13.716   13.663   13.682   13.790
  12.905   12.965   12.659   12.752
  11.516   11.546   11.565   11.601
  12.198   12.187   12.154   12.096
  13.538   13.500   13.470   13.453
  14.613   14.656   14.748   14.890
  11.613   11.575   11.532   11.586
  11.803   11.795   11.707   11.711
  13.525   13.546   13.518   13.612
  11.180   11.147   11.204   11.206
  14.553   14.546   14.506   14.651
  13.973   13.969   14.063   14.221
  13.736   13.781   13.826   13.873
  12.030   12.006   12.007   12.040
  14.073   14.095   14.307   14.504
  12.293   12.273   12.290   12.324
  13.622   13.601   13.722   13.967
  12.498   12.307   12.454   12.498
  14.204   14.249   14.008   14.168
  12.748   12.711   12.501   12.537
  13.808   13.818   13.651   13.665
  10.982   11.001   10.945   10.951
  13.818   13.815   13.831   13.874
  11.861   11.881   11.858   11.901
  14.099   14.042   14.185   14.289
  14.911   14.901   14.889   14.588
  11.528   11.601   11.548   11.560
  13.492   13.483   13.581   13.614
  11.991   11.974   12.010   12.024
  12.227   12.247   12.219   12.252
  12.751   12.746   12.759   12.810
  13.507   13.593   13.644   13.681
  13.305   13.403   13.604   13.748
  14.280   14.248   14.530   14.701
  14.512   14.432   14.374   14.344
  13.352   13.353   13.496   13.365
  10.650   10.614   10.640   10.649
  10.164   10.151   10.184   10.195
  11.777   11.633   11.759   11.781
  14.308   14.338   14.420   14.463
  12.948   12.943   12.878   12.856
  13.647   13.697   13.724   14.021
  11.854   11.907   11.781   11.920
  13.174   13.121   13.073   13.085
  11.034   11.019   10.983   11.056
  11.468   11.416   11.482   11.510
  14.365   14.375   14.420   14.570
  13.572   13.747   13.487   13.542
  13.160   13.177   13.138   13.290
  13.459   13.478   13.566   13.593
  12.975   12.953   12.897   12.867
  14.474   14.435   14.370   14.604
  13.537   13.487   13.481   13.721
  11.519   11.513   11.556   11.576
  11.942   11.889   11.962   11.971
  10.822   10.778   10.770   10.834
  11.531   11.500   11.513   11.543
   6.595    6.687    6.604    6.671
  11.870   11.817   11.843   11.871
  13.198   13.166   13.118   13.172
  11.969   11.916   11.946   11.971
  14.457   14.375   14.441   14.585
  13.313   13.315   13.332   13.334
  13.505   13.451   13.559   13.658
  13.209   13.198   13.231   13.290
  13.984   13.931   14.100   14.144
  14.459   14.430   14.665   14.766
  11.001   11.078   11.040   11.159
  13.245   13.210   13.346   13.368
  14.021   14.049   14.135   14.298
  14.415   14.487   14.638   14.669
  13.449   13.440   13.271   13.352
  10.656   10.638   10.631   10.655
  13.962   13.923   14.012   14.147
  11.787   11.770   11.332   11.333
  13.915   13.941   14.022   14.222
  12.803   12.804   12.807   12.839
  12.724   12.733   12.742   12.766
  11.594   11.574   11.659   11.655
  13.702   13.637   13.717   13.840
  13.557   13.533   13.626   13.692
  13.670   13.640   13.756   13.752
  12.611   12.620   12.750   12.791
  11.990   11.950   11.823   11.899
  12.994   12.993   13.012   13.028
  13.774   13.816   13.664   13.757
  13.726   13.589   13.665   13.687
  11.179   11.155   11.179   11.191
  14.303   14.301   14.404   14.532
  12.463   12.576   12.405   12.406
  14.631   14.628   14.362   14.503
  12.409   12.462   12.379   12.414
  14.051   14.004   13.942   13.947
  14.347   14.277   14.292   14.497
  14.090   14.078   14.359   14.371
  14.420   14.426   14.410   14.313
  14.368   14.325   14.403   14.381
  13.475   13.477   13.277   13.163
  14.675   14.619   14.837   14.924
  13.440   13.420   13.409   13.484
  13.307   13.335   13.356   13.322
  14.649   14.575   14.847   14.581
  14.662   14.649   14.626   14.582
  13.832   13.766   13.850   13.980
  12.523   12.513   12.564   12.624
  13.418   13.403   13.375   13.433
  14.449   14.427   14.604   14.656
  14.262   14.277   14.305   14.225
  14.254   14.306   14.236   14.341
  11.696   11.671   11.594   11.631
  14.128   14.103   14.116   14.051
  14.180   14.177   14.158   14.403
  13.573   13.624   13.519   13.557
  11.514   11.462   11.494   11.505
  12.710   12.703   12.710   12.697
  13.083   13.161   13.176   13.185
  14.634   14.625   14.623   14.714
  13.965   13.870   13.954   14.067
  14.315   14.328   14.273   14.328
  13.819   13.834   13.824   13.956
  14.340   14.298   14.224   14.228
  13.654   13.594   13.590   13.608
  13.151   13.120   13.165   13.236
  10.820   10.750   10.822   10.813
  13.645   13.632   13.692   13.739
  11.807   11.841   11.878   11.830
  14.206   14.193   14.166   14.524
  11.643   11.589   11.645   11.672
  13.833   13.726   13.792   13.920
  13.048   13.071   13.002   13.055
  14.415   14.440   14.331   14.434
  13.270   13.268   13.307   13.370
  12.623   12.618   12.599   12.631
  13.070   13.038   12.971   13.094
  13.706   13.659   13.733   13.926
  14.351   14.418   14.529   14.480
  14.080   14.025   14.134   14.292
  13.243   13.285   13.286   13.331
  13.530   13.502   13.621   13.733
  14.417   14.315   14.505   14.520
  14.544   14.550   14.660   14.836
  13.596   13.536   13.537   13.635
  14.586   14.569   14.603   14.744
  12.559   12.527   12.569   12.585
  13.007   12.992   13.038   12.992
   6.431    6.529    6.447    6.553
  14.434   14.522   14.529   14.784
  12.312   12.319   12.345   12.376
  13.998   14.005   14.157   14.106
   8.115    8.153    8.079    8.155
  14.313   14.291   14.360   14.523
  13.727   13.739   13.695   13.770
  14.167   14.110   14.130   14.180
  11.829   11.872   11.844   11.897
  12.146   12.258   12.182   12.263
  12.672   12.650   12.675   12.714
   8.055    8.065    8.037    8.005
  11.751   11.744   11.754   11.773
  14.680   14.544   14.863   14.835
  13.766   13.753   13.839   13.953
  11.302   11.379   11.332   11.412
  14.069   14.221   14.106   14.329
  12.762   12.783   12.794   12.824
  13.798   13.685   13.828   13.884
  14.107   14.146   14.181   14.067
  14.844   14.778   14.865   14.873
  13.487   13.515   13.644   13.694
  12.909   12.886   12.919   12.931
  14.024   14.044   14.175   14.266
  10.613   10.631   10.645   10.715
  14.497   14.467   14.558   14.724
  12.910   12.886   12.880   12.900
  14.824   14.914   14.829   14.787
  14.266   14.315   14.282   14.626
  12.650   12.706   12.687   12.774
   8.928    8.961    8.938    9.016
  12.710   12.712   12.585   12.528
  13.193   13.181   13.214   13.298
   8.269    8.392    8.299    8.411
  13.761   13.773   13.829   13.850
  12.337   12.281   12.319   12.359
  12.768   12.741   12.741   12.736
  12.126   12.117   12.137   12.148
  10.585   10.539   10.578   10.574
  11.119   11.080   11.164   11.096
  11.610   11.671   11.656   11.690
  14.109   14.074   14.146   14.283
  14.138   14.161   14.068   14.197
  14.032   13.988   13.878   13.916
  13.996   13.998   14.018   13.988
  14.028   13.987   14.088   14.175
  14.053   14.026   14.067   14.186
  13.505   13.491   13.573   13.689
  12.209   12.282   11.951   12.042
  12.091   12.076   12.089   12.143
  14.280   14.259   14.396   14.590
  10.535   10.488   10.448   10.508
  13.889   13.819   13.951   13.902
   9.779    9.782    9.751    9.844
  14.637   14.516   14.568   14.703
  10.504   10.462   10.448   10.446
  13.630   13.587   13.672   13.712
  11.583   11.568   11.611   11.635
  11.830   11.767   11.819   11.821
  13.546   13.549   13.518   13.629
  13.993   14.035   14.128   14.190
  11.939   11.949   12.001   11.986
  12.283   12.332   12.346   12.373
  14.209   14.232   14.226   14.296
  12.455   12.434   12.474   12.475
  10.353   10.479   10.389   10.474
  14.290   14.238   14.405   14.399
  12.768   12.772   12.811   12.816
  14.381   14.281   14.366   14.356
  14.574   14.571   14.508   14.735
  12.874   12.840   12.896   12.870
  14.066   14.062   14.169   14.406
  13.266   13.231   13.241   13.245
  13.804   13.823   13.931   13.811
  12.139   12.127   12.152   12.189
  14.540   14.463   14.322   14.314
  13.727   13.702   13.694   13.770
  12.131   12.090   12.154   12.124
  12.528   12.500   12.513   12.498
  13.565   13.600   13.509   13.654
  13.575   13.581   13.477   13.520
  13.618   13.638   13.647   13.760
  11.421   11.447   11.409   11.445
  12.832   12.808   12.832   12.912
  14.154   14.189   14.134   14.086
  14.247   14.226   14.293   14.278
  12.091   12.112   12.117   12.127
  12.014   11.974   11.870   11.912
  13.014   13.036   13.092   13.126
  13.220   13.226   13.287   13.334
  14.599   14.626   14.525   14.760
  11.855   11.873   11.877   11.878
  11.099   11.103   11.141   11.151
  14.552   14.561   14.368   14.663
  13.663   13.625   13.697   13.763
  13.190   13.235   13.308   13.386
  14.695   14.718   14.774   14.699
  12.806   12.801   12.638   12.745
  13.357   13.349   13.359   13.437
  12.108   11.906   12.105   12.146
  14.081   14.066   14.195   14.343
  12.413   12.268   12.326   12.344
  12.826   12.764   12.836   12.833
  12.155   12.245   12.143   12.204
  12.383   12.372   12.451   12.455
  13.789   13.850   13.807   13.934
  14.767   14.726   14.940   14.740
  12.063   12.017   12.005   12.010
  10.944   10.926   10.903   10.922
  12.841   12.889   12.895   12.873
  12.882   12.869   12.963   12.906
  13.651   13.670   13.636   13.670
  11.572   11.613   11.567   11.647
  13.978   13.950   13.945   13.865
  13.843   13.808   13.889   14.060
  14.326   14.356   14.400   14.647
  14.675   14.659   14.608   14.709
  13.497   13.470   13.414   13.491
  12.501   12.528   12.513   12.605
  13.147   13.191   13.157   13.207
  12.696   12.704   12.725   12.733
  12.311   12.318   12.365   12.369
  14.077   14.110   14.072   14.121
  14.108   14.103   14.179   14.395
  13.690   13.627   13.809   13.812
  13.858   13.871   13.903   13.954
  13.762   13.733   13.845   13.938
  10.490   10.541   10.425   10.533
  13.888   13.838   13.972   14.151
  14.394   14.392   14.438   14.413
  13.762   13.751   13.720   13.749
  12.624   12.593   12.579   12.599
  12.725   12.692   12.752   12.769
  13.612   13.641   13.657   13.655
  13.512   13.493   13.459   13.468
  13.625   13.618   13.595   13.695
  11.324   11.294   11.331   11.336
  12.535   12.519   12.552   12.586
  11.974   11.949   11.977   11.945
  14.599   14.551   14.651   14.858
  11.472   11.483   11.444   11.520
  13.309   13.253   13.249   13.225
  14.676   14.687   14.755   14.796
  14.975   14.972   14.717   14.722
  14.265   14.229   14.346   14.399
  12.765   12.777   12.788   12.833
  14.379   14.357   14.418   14.673
  14.504   14.467   14.386   14.465
  14.090   14.077   14.193   14.246
   8.884    8.926    8.900    8.962
  11.543   11.526   11.532   11.581
  14.248   14.238   14.078   14.320
  13.027   13.072   13.138   13.194
  14.025   14.014   13.857   13.872
  14.361   14.389   14.398   14.664
  11.839   11.871   11.844   11.851
  12.419   12.379   12.331   12.415
  13.383   13.329   13.283   13.297
  13.599   13.533   13.542   13.722
  11.773   11.759   11.780   11.820
  12.252   12.280   12.262   12.295
  14.712   14.616   14.710   14.651
  13.250   13.209   13.289   13.435
  14.172   14.085   13.974   14.031
  12.045   12.041   12.034   12.072
  13.504   13.467   13.435   13.426
  12.876   12.924   12.900   12.922
   6.621    6.665    6.550    6.693
  13.193   13.139   13.143   13.170
  14.033   13.916   14.018   14.030
  11.769   11.756   11.774   11.823
  13.321   13.300   13.335   13.381
  14.020   14.053   14.113   14.165
  14.121   14.115   14.091   14.224
  13.966   13.930   14.076   14.242
  13.354   13.359   13.426   13.508
  12.902   12.899   12.574   12.618
  13.407   13.398   13.334   13.503
  14.280   14.266   14.267   14.570
  13.515   13.498   13.511   13.643
  13.681   13.640   13.634   13.772
  12.466   12.460   12.512   12.522
  13.207   13.227   13.245   13.231
  13.318   13.340   13.379   13.415
   9.321    9.461    9.420    9.483
  13.691   13.673   13.750   13.788
  13.959   13.898   13.988   14.068
  13.448   13.433   13.437   13.508
  12.170   12.130   12.173   12.195
  10.739   10.841   10.780   10.830
  13.672   13.730   13.764   13.876
  13.406   13.415   13.450   13.538
  13.070   12.877   13.102   13.118
  12.683   12.639   12.661   12.683
  13.381   13.369   13.288   13.296
  10.464   10.518   10.524   10.588
  13.891   13.790   13.962   13.881
  11.663   11.697   11.562   11.630
   7.604    7.631    7.579    7.695
  13.969   13.942   13.948   14.058
  13.296   13.282   13.257   13.319
  13.134   13.124   13.178   13.226
  14.262   14.147   14.181   14.520
  12.240   12.214   12.281   12.278
  13.183   13.182   13.182   13.198
  12.090   12.114   12.074   12.106
  14.523   14.502   14.617   14.638
  13.217   13.234   13.141   13.111
  14.244   14.270   14.256   14.213
  14.095   14.106   14.067   14.215
  13.807   13.713   13.620   13.765
  14.234   14.258   14.270   14.507
  14.205   14.201   14.181   14.391
  13.271   13.177   13.286   13.210
  13.177   13.178   13.236   13.245
  14.523   14.518   14.597   14.642
  12.313   12.340   12.326   12.377
  13.583   13.553   13.582   13.589
  10.555   10.518   10.516   10.567
  13.861   13.855   13.916   13.872
  13.953   13.951   13.908   14.078
  12.804   12.739   12.865   12.754
  12.171   12.246   12.334   12.344
  13.844   13.872   13.860   14.015
  13.690   13.709   13.735   13.922
  12.752   12.727   12.774   12.786
  11.360   11.320   11.292   11.351
   8.735    8.786    8.720    8.858
  10.644   10.632   10.636   10.639
   8.160    8.278    8.148    8.268
  14.410   14.460   14.465   14.512
  14.106   13.981   14.084   14.171
  13.763   13.772   13.772   13.841
  13.534   13.540   13.500   13.494
  12.937   12.947   12.913   12.905
  11.453   11.361   11.387   11.408
  13.851   13.846   13.832   13.947
  13.028   13.042   13.028   13.018
  11.424   11.400   11.419   11.459
  14.014   13.974   14.094   14.171
  13.953   13.989   13.961   14.099
  13.332   13.196   13.331   13.363
  14.381   14.312   14.313   14.540
  14.734   14.716   14.754   14.738
  13.236   13.155   13.038   13.068
  13.788   13.651   13.661   13.699
  13.568   13.503   13.457   13.618
  11.291   11.260   11.310   11.334
  13.276   13.239   13.288   13.370
  14.441   14.325   14.465   14.325
  14.220   14.265   14.232   14.403
  12.656   12.645   12.633   12.643
  11.048   11.077   11.085   11.128
  13.649   13.583   13.361   13.360
  13.873   13.901   13.978   14.031
  12.996   12.999   13.002   13.088
  14.271   14.273   14.348   14.369
  14.412   14.335   14.511   14.855
  14.426   14.390   14.357   14.530
  10.234   10.179   10.138   10.193
  14.571   14.381   14.584   14.700
  13.941   13.932   13.970   14.070
  14.692   14.698   14.698   14.501
