 0.15  0.765  0.743  0.765
 0.20  0.674  0.578  0.674
 0.25  0.600  0.473  0.600
 0.30  0.680  0.400  0.680
 0.35  0.500  0.347  0.500
 0.40  0.563  0.306  0.563
 0.45  0.389  0.274  0.389
 0.50  0.333  0.248  0.333
 0.55  0.266  0.226  0.300
 0.60  0.267  0.208  0.300
 0.65  0.239  0.193  0.300
 0.70  0.301  0.179  0.301
 0.75  0.217  0.168  0.300
 0.80  0.209  0.158  0.300
 0.85  0.176  0.149  0.300
 0.90  0.180  0.141  0.300
 0.95  0.238  0.133  0.300
 1.00  0.000  0.127  0.300
 1.05  0.241  0.121  0.300
 1.10  0.295  0.116  0.300
 1.15  0.263  0.111  0.300
 1.20  0.442  0.106  0.442
 1.25  0.824  0.102  0.824
 1.30  0.919  0.098  0.919
 1.35  0.966  0.095  0.966
 1.40  0.978  0.091  0.978
