 0.15  0.000  0.743  0.743
 0.20  0.000  0.578  0.578
 0.25  0.510  0.473  0.510
 0.30  0.441  0.400  0.441
 0.35  0.400  0.347  0.400
 0.40  0.367  0.306  0.367
 0.45  0.301  0.274  0.301
 0.50  0.263  0.248  0.300
 0.55  0.257  0.226  0.300
 0.60  0.234  0.208  0.300
 0.65  0.269  0.193  0.300
 0.70  0.225  0.179  0.300
 0.75  0.273  0.168  0.300
 0.80  0.307  0.158  0.307
 0.85  0.222  0.149  0.300
 0.90  0.276  0.141  0.300
 0.95  0.235  0.133  0.300
 1.00  0.313  0.127  0.313
 1.05  0.215  0.121  0.300
 1.10  0.252  0.116  0.300
 1.15  0.330  0.111  0.330
 1.20  0.248  0.106  0.300
 1.25  0.270  0.102  0.300
 1.30  0.332  0.098  0.332
 1.35  0.382  0.095  0.382
 1.40  0.369  0.091  0.369
 1.45  0.415  0.088  0.415
 1.50  0.307  0.085  0.307
 1.55  0.326  0.083  0.326
 1.60  0.469  0.080  0.469
 1.65  0.373  0.078  0.373
 1.70  0.385  0.075  0.385
 1.75  0.374  0.073  0.374
 1.80  0.317  0.071  0.317
 1.85  0.349  0.069  0.349
 1.90  0.447  0.068  0.447
 1.95  0.376  0.066  0.376
 2.00  0.306  0.064  0.306
 2.05  0.373  0.063  0.373
 2.10  0.434  0.061  0.434
 2.15  0.376  0.060  0.376
 2.20  0.411  0.058  0.411
 2.25  0.420  0.057  0.420
 2.30  0.401  0.056  0.401
 2.35  0.331  0.055  0.331
 2.40  0.364  0.054  0.364
 2.45  0.484  0.053  0.484
 2.50  0.807  0.051  0.807
 2.55  0.500  0.050  0.500
 2.60  0.792  0.050  0.792
 2.65  0.656  0.049  0.656
 2.70  0.803  0.048  0.803
 2.75  0.750  0.047  0.750
 2.80  0.789  0.046  0.789
 2.85  0.838  0.045  0.838
 2.90  0.806  0.044  0.806
 2.95  0.639  0.044  0.639
 3.00  0.591  0.043  0.591
 3.05  0.638  0.042  0.638
 3.10  0.832  0.042  0.832
 3.15  0.438  0.041  0.438
 3.20  0.581  0.040  0.581
 3.25  0.752  0.040  0.752
 3.30  0.851  0.039  0.851
