100	1.80485E-35	1.11701E-25	100	0.025651524
101	4.00875E-35	2.3588E-25	110	0.044891667
102	8.86826E-35	4.95628E-25	120	0.031314607
103	1.95403E-34	1.03621E-24	130	0.044092434
104	4.28831E-34	2.1556E-24	140	0.017325826
105	9.37356E-34	4.46188E-24	150	0.026756395
106	2.04073E-33	9.18957E-24	160	0.044339414
107	4.42517E-33	1.88322E-23	170	0.012715048
108	9.55733E-33	3.84005E-23	180	0.001339154
109	2.05592E-32	7.79112E-23	190	0.042571202
110	4.40492E-32	1.57287E-22	200	0.012460599
111	9.40012E-32	3.15945E-22	210	0.029868266
112	1.99798E-31	6.31482E-22	220	0.059966042
113	4.22973E-31	1.25585E-21	230	0.151263757
114	8.91859E-31	2.4851E-21	240	0.234989062
115	1.87302E-30	4.89304E-21	250	0.328829872
116	3.91789E-30	9.5861E-21	260	0.313900884
117	8.16252E-30	1.86867E-20	270	0.293370305
118	1.69379E-29	3.62455E-20	280	0.510470004
119	3.50072E-29	6.99523E-20	290	0.839502434
120	7.20639E-29	1.34332E-19	300	1.011339537
121	1.47755E-28	2.56676E-19	310	0.846484036
122	3.01736E-28	4.87999E-19	320	0.45244761
123	6.13729E-28	9.23171E-19	330	0.173984854
124	1.24334E-27	1.73769E-18	340	0.076759735
125	2.50878E-27	3.25457E-18	350	0.036567928
126	5.04197E-27	6.06515E-18	360	0.047739378
127	1.00925E-26	1.12465E-17	370	0.033776932
128	2.01217E-26	2.07503E-17	380	0.029296359
129	3.99567E-26	3.80941E-17	390	0.04040409
130	7.90276E-26	6.95857E-17	400	0.026208826
131	1.55679E-25	1.26477E-16	410	0.03819263
132	3.05453E-25	2.28734E-16	420	0.003962043
133	5.96929E-25	4.11603E-16	430	0.037795102
134	1.16188E-24	7.36979E-16	440	0.016897792
135	2.2525E-24	1.31299E-15	450	0.028451275
136	4.34942E-24	2.32752E-15	460	0.020044152
137	8.36488E-24	4.1054E-15	470	0.037173383
138	1.60233E-23	7.2052E-15	480	0.021581382
139	3.05707E-23	1.25825E-14	490	0.017375839
140	5.80928E-23	2.18632E-14	500	0.037480134
141	1.09952E-22	3.77998E-14		
142	2.07274E-22	6.50271E-14		
143	3.8918E-22	1.11308E-13		
144	7.27812E-22	1.89579E-13		
145	1.35566E-21	3.21277E-13		
146	2.51504E-21	5.41749E-13		
147	4.6473E-21	9.08962E-13		
148	8.55304E-21	1.51748E-12		
149	1.56784E-20	2.52073E-12		
150	2.86252E-20	4.16638E-12		
151	5.20543E-20	6.85205E-12		
152	9.42817E-20	1.12127E-11		
153	1.70083E-19	1.8257E-11		
154	3.05603E-19	2.95785E-11		
155	5.46911E-19	4.76817E-11		
156	9.74853E-19	7.64815E-11		
157	1.73071E-18	1.22064E-10		
158	3.06036E-18	1.93843E-10		
159	5.38993E-18	3.06295E-10		
160	9.45489E-18	4.81568E-10		
161	1.65193E-17	7.53364E-10		
162	2.87469E-17	1.17268E-09		
163	4.98257E-17	1.81628E-09		
164	8.60159E-17	2.79909E-09		
165	1.47899E-16	4.29217E-09		
166	2.53289E-16	6.54887E-09		
167	4.32046E-16	9.94225E-09		
168	7.34017E-16	1.50187E-08		
169	1.24207E-15	2.25739E-08		
170	2.09337E-15	3.37606E-08		
171	3.51408E-15	5.02391E-08		
172	5.87541E-15	7.43879E-08		
173	9.78427E-15	1.09595E-07		
174	1.62286E-14	1.6066E-07		
175	2.681E-14	2.34345E-07		
176	4.4114E-14	3.40118E-07		
177	7.22965E-14	4.91171E-07		
178	1.18011E-13	7.05773E-07		
179	1.91862E-13	1.00908E-06		
180	3.10684E-13	1.43554E-06		
181	5.01085E-13	2.03203E-06		
182	8.04947E-13	2.86205E-06		
183	1.28791E-12	4.01099E-06		
184	2.05242E-12	5.59312E-06		
185	3.2577E-12	7.76043E-06		
186	5.15013E-12	1.07139E-05		
187	8.10938E-12	1.47175E-05		
188	1.2718E-11	2.01164E-05		
189	1.98662E-11	2.73588E-05		
190	3.09082E-11	3.70229E-05		
191	4.78955E-11	4.9851E-05		
192	7.39228E-11	6.6789E-05		
193	1.13638E-10	8.90357E-05		
194	1.73994E-10	0.000118101		
195	2.65342E-10	0.000155872		
196	4.03034E-10	0.000204698		
197	6.09733E-10	0.000267478		
198	9.18756E-10	0.000347769		
199	1.37887E-09	0.000449906		
200	2.06115E-09	0.000579136		
201	3.06874E-09	0.000741769		
202	4.55063E-09	0.000945333		
203	6.72119E-09	0.001198754		
204	9.88745E-09	0.001512528		
205	1.44872E-08	0.001898915		
206	2.11421E-08	0.002372116		
207	3.07308E-08	0.002948458		
208	4.44901E-08	0.003646553		
209	6.41527E-08	0.00448744		
210	9.2136E-08	0.005494692		
211	1.31797E-07	0.006694474		
212	1.87779E-07	0.008115554		
213	2.66471E-07	0.009789227		
214	3.76631E-07	0.011749169		
215	5.30206E-07	0.014031187		
216	7.43423E-07	0.016672864		
217	1.03822E-06	0.019713082		
218	1.44414E-06	0.023191422		
219	2.00073E-06	0.027147432		
220	2.76077E-06	0.031619767		
221	3.79434E-06	0.036645201		
222	5.19403E-06	0.042257526		
223	7.08168E-06	0.048486358		
224	9.61679E-06	0.055355857		
225	1.30073E-05	0.062883416		
226	1.75229E-05	0.071078328		
227	2.3512E-05	0.079940489		
228	3.14221E-05	0.089459184		
229	4.18257E-05	0.099611984		
230	5.54516E-05	0.110363832		
231	7.32231E-05	0.121666352		
232	9.63041E-05	0.13345742		
233	0.000126155	0.145661069		
234	0.000164599	0.158187727		
235	0.0002139	0.170934847		
236	0.00027686	0.183787918		
237	0.00035692	0.196621876		
238	0.000458294	0.209302898		
239	0.000586112	0.221690546		
240	0.000746586	0.233640235		
241	0.0009472	0.245005945		
242	0.001196924	0.255643137		
243	0.001506449	0.265411771		
244	0.001888448	0.274179356		
245	0.002357862	0.281823919		
246	0.002932207	0.288236832		
247	0.003631898	0.293325371		
248	0.004480592	0.29701495		
249	0.005505542	0.299250937		
250	0.006737947	0.3		
251	0.008213304	0.299250937		
252	0.009971742	0.29701495		
253	0.012058325	0.293325371		
254	0.014523315	0.288236832		
255	0.017422375	0.281823919		
256	0.020816694	0.274179356		
257	0.024773023	0.265411771		
258	0.029363584	0.255643137		
259	0.034665858	0.245005945		
260	0.040762204	0.233640235		
261	0.047739315	0.221690546		
262	0.055687476	0.209302898		
263	0.064699617	0.196621876		
264	0.07487015	0.183787918		
265	0.086293586	0.170934847		
266	0.099062927	0.158187727		
267	0.11326784	0.145661069		
268	0.128992631	0.13345742		
269	0.146314041	0.121666352		
270	0.165298888	0.110363832		
271	0.186001601	0.099611984		
272	0.208461689	0.089459184		
273	0.232701212	0.079940489		
274	0.258722298	0.071078328		
275	0.286504797	0.062883416		
276	0.316004129	0.055355857		
277	0.347149415	0.048486358		
278	0.379841963	0.042257526		
279	0.413954175	0.036645201		
280	0.449328964	0.031619767		
281	0.485779724	0.027147432		
282	0.523090913	0.023191422		
283	0.561019284	0.019713082		
284	0.599295788	0.016672864		
285	0.637628152	0.014031187		
286	0.675704114	0.011749169		
287	0.713195288	0.009789227		
288	0.749761592	0.008115554		
289	0.785056178	0.006694474		
290	0.818730753	0.005494692		
291	0.850441205	0.00448744		
292	0.879853379	0.003646553		
293	0.906648904	0.002948458		
294	0.930530896	0.002372116		
295	0.951229425	0.001898915		
296	0.968506582	0.001512528		
297	0.982161032	0.001198754		
298	0.992031915	0.000945333		
299	0.998001999	0.000741769		
300	1	0.000579136		
301	0.998001999	0.000449906		
302	0.992031915	0.000347769		
303	0.982161032	0.000267478		
304	0.968506582	0.000204698		
305	0.951229425	0.000155872		
306	0.930530896	0.000118101		
307	0.906648904	8.90357E-05		
308	0.879853379	6.6789E-05		
309	0.850441205	4.9851E-05		
310	0.818730753	3.70229E-05		
311	0.785056178	2.73588E-05		
312	0.749761592	2.01164E-05		
313	0.713195288	1.47175E-05		
314	0.675704114	1.07139E-05		
315	0.637628152	7.76043E-06		
316	0.599295788	5.59312E-06		
317	0.561019284	4.01099E-06		
318	0.523090913	2.86205E-06		
319	0.485779724	2.03203E-06		
320	0.449328964	1.43554E-06		
321	0.413954175	1.00908E-06		
322	0.379841963	7.05773E-07		
323	0.347149415	4.91171E-07		
324	0.316004129	3.40118E-07		
325	0.286504797	2.34345E-07		
326	0.258722298	1.6066E-07		
327	0.232701212	1.09595E-07		
328	0.208461689	7.43879E-08		
329	0.186001601	5.02391E-08		
330	0.165298888	3.37606E-08		
331	0.146314041	2.25739E-08		
332	0.128992631	1.50187E-08		
333	0.11326784	9.94225E-09		
334	0.099062927	6.54887E-09		
335	0.086293586	4.29217E-09		
336	0.07487015	2.79909E-09		
337	0.064699617	1.81628E-09		
338	0.055687476	1.17268E-09		
339	0.047739315	7.53364E-10		
340	0.040762204	4.81568E-10		
341	0.034665858	3.06295E-10		
342	0.029363584	1.93843E-10		
343	0.024773023	1.22064E-10		
344	0.020816694	7.64815E-11		
345	0.017422375	4.76817E-11		
346	0.014523315	2.95785E-11		
347	0.012058325	1.8257E-11		
348	0.009971742	1.12127E-11		
349	0.008213304	6.85205E-12		
350	0.006737947	4.16638E-12		
351	0.005505542	2.52073E-12		
352	0.004480592	1.51748E-12		
353	0.003631898	9.08962E-13		
354	0.002932207	5.41749E-13		
355	0.002357862	3.21277E-13		
356	0.001888448	1.89579E-13		
357	0.001506449	1.11308E-13		
358	0.001196924	6.50271E-14		
359	0.0009472	3.77998E-14		
360	0.000746586	2.18632E-14		
361	0.000586112	1.25825E-14		
362	0.000458294	7.2052E-15		
363	0.00035692	4.1054E-15		
364	0.00027686	2.32752E-15		
365	0.0002139	1.31299E-15		
366	0.000164599	7.36979E-16		
367	0.000126155	4.11603E-16		
368	9.63041E-05	2.28734E-16		
369	7.32231E-05	1.26477E-16		
370	5.54516E-05	6.95857E-17		
371	4.18257E-05	3.80941E-17		
372	3.14221E-05	2.07503E-17		
373	2.3512E-05	1.12465E-17		
374	1.75229E-05	6.06515E-18		
375	1.30073E-05	3.25457E-18		
376	9.61679E-06	1.73769E-18		
377	7.08168E-06	9.23171E-19		
378	5.19403E-06	4.87999E-19		
379	3.79434E-06	2.56676E-19		
380	2.76077E-06	1.34332E-19		
381	2.00073E-06	6.99523E-20		
382	1.44414E-06	3.62455E-20		
383	1.03822E-06	1.86867E-20		
384	7.43423E-07	9.5861E-21		
385	5.30206E-07	4.89304E-21		
386	3.76631E-07	2.4851E-21		
387	2.66471E-07	1.25585E-21		
388	1.87779E-07	6.31482E-22		
389	1.31797E-07	3.15945E-22		
390	9.2136E-08	1.57287E-22		
391	6.41527E-08	7.79112E-23		
392	4.44901E-08	3.84005E-23		
393	3.07308E-08	1.88322E-23		
394	2.11421E-08	9.18957E-24		
395	1.44872E-08	4.46188E-24		
396	9.88745E-09	2.1556E-24		
397	6.72119E-09	1.03621E-24		
398	4.55063E-09	4.95628E-25		
399	3.06874E-09	2.3588E-25		
400	2.06115E-09	1.11701E-25		
401	1.37887E-09	5.2632E-26		
402	9.18756E-10	2.46758E-26		
403	6.09733E-10	1.15112E-26		
404	4.03034E-10	5.3432E-27		
405	2.65342E-10	2.46779E-27		
406	1.73994E-10	1.13408E-27		
407	1.13638E-10	5.18573E-28		
408	7.39228E-11	2.35941E-28		
409	4.78955E-11	1.06813E-28		
410	3.09082E-11	4.81143E-29		
411	1.98662E-11	2.15652E-29		
412	1.2718E-11	9.61746E-30		
413	8.10938E-12	4.26772E-30		
414	5.15013E-12	1.88434E-30		
415	3.2577E-12	8.27853E-31		
416	2.05242E-12	3.61888E-31		
417	1.28791E-12	1.57407E-31		
418	8.04947E-13	6.81244E-32		
419	5.01085E-13	2.93366E-32		
420	3.10684E-13	1.25703E-32		
421	1.91862E-13	5.35931E-33		
422	1.18011E-13	2.27353E-33		
423	7.22965E-14	9.59671E-34		
424	4.4114E-14	4.03062E-34		
425	2.681E-14	1.68442E-34		
426	1.62286E-14	7.00417E-35		
427	9.78427E-15	2.89796E-35		
428	5.87541E-15	1.19304E-35		
429	3.51408E-15	4.88706E-36		
430	2.09337E-15	1.9919E-36		
431	1.24207E-15	8.07825E-37		
432	7.34017E-16	3.25983E-37		
433	4.32046E-16	1.30889E-37		
434	2.53289E-16	5.22921E-38		
435	1.47899E-16	2.07874E-38		
436	8.60159E-17	8.22227E-39		
437	4.98257E-17	3.23603E-39		
438	2.87469E-17	1.26725E-39		
439	1.65193E-17	4.93785E-40		
440	9.45489E-18	1.91445E-40		
441	5.38993E-18	7.38548E-41		
442	3.06036E-18	2.83493E-41		
443	1.73071E-18	1.08276E-41		
444	9.74853E-19	4.11484E-42		
445	5.46911E-19	1.55597E-42		
446	3.05603E-19	5.85436E-43		
447	1.70083E-19	2.19172E-43		
448	9.42817E-20	8.1643E-44		
449	5.20543E-20	3.02609E-44		
450	2.86252E-20	1.11602E-44		
451	1.56784E-20	4.09537E-45		
452	8.55304E-21	1.49534E-45		
453	4.6473E-21	5.43273E-46		
454	2.51504E-21	1.96392E-46		
455	1.35566E-21	7.06411E-47		
456	7.27812E-22	2.52825E-47		
457	3.8918E-22	9.00348E-48		
458	2.07274E-22	3.19029E-48		
459	1.09952E-22	1.12481E-48		
460	5.80928E-23	3.94598E-49		
461	3.05707E-23	1.3774E-49		
462	1.60233E-23	4.78402E-50		
463	8.36488E-24	1.65331E-50		
464	4.34942E-24	5.6852E-51		
465	2.2525E-24	1.9452E-51		
466	1.16188E-24	6.62236E-52		
467	5.96929E-25	2.24331E-52		
468	3.05453E-25	7.56125E-53		
469	1.55679E-25	2.53587E-53		
470	7.90276E-26	8.46231E-54		
471	3.99567E-26	2.80983E-54		
472	2.01217E-26	9.28321E-55		
473	1.00925E-26	3.05173E-55		
474	5.04197E-27	9.98209E-56		
475	2.50878E-27	3.24882E-56		
476	1.24334E-27	1.0521E-56		
477	6.13729E-28	3.39016E-57		
478	3.01736E-28	1.08695E-57		
479	1.47755E-28	3.4676E-58		
480	7.20639E-29	1.10072E-58		
481	3.50072E-29	3.47658E-59		
482	1.69379E-29	1.09259E-59		
483	8.16252E-30	3.41656E-60		
484	3.91789E-30	1.06304E-60		
485	1.87302E-30	3.29109E-61		
486	8.91859E-31	1.01381E-61		
487	4.22973E-31	3.10745E-62		
488	1.99798E-31	9.47719E-63		
489	9.40012E-32	2.87596E-63		
490	4.40492E-32	8.68392E-64		
491	2.05592E-32	2.60902E-64		
492	9.55733E-33	7.79949E-65		
493	4.42517E-33	2.31998E-65		
494	2.04073E-33	6.86642E-66		
495	9.37356E-34	2.02211E-66		
496	4.28831E-34	5.92528E-67		
497	1.95403E-34	1.72759E-67		
498	8.86826E-35	5.01189E-68		
499	4.00875E-35	1.44674E-68		
500	1.80485E-35	4.15536E-69		