1 2M00440170+8509063 1.0 0.0213 0.8 0.06 0.99 0.73 16.427 15.693
2 2M00443634+8521098 1.082 0.0136 0.844 0.1853 1.04 1.05 15.515 14.865
3 2M00452260+8512381 1.123 0.0004 0.747 0.305 1.14 1.09 14.886 13.941
4 2M00461413+8510559 1.018 0.0244 0.821 0.0792 0.97 0.94 16.187 15.467
5 2M00464470+8516567 1.036 0.0115 0.844 0.063 0.99 0.98 15.978 15.286
6 2M00464319+8516056 1.05 0.0214 0.78 0.192 1.03 0.97 15.945 15.274
7 2M00475098+8513291 1.1 0.0012 0.95 0.0072 1.02 1.02 15.292 14.663
8 2M00465521+8510149 1.042 0.0111 0.821 0.0597 0.98 0.96 16.044 15.363
9 2M00530458+8513076 1.099 0.0026 0.78 0.0995 1.11 0.90 15.549 14.857
10 2M00523772+8510346 1.091 0.0043 0.913 0.0361 1.03 1.00 15.475 14.774
