 7.500  0.1054  0.0000 -2.1406  3.5270  4.6557 10.1220 14.998 25.582 11.923 10.844 -8.140 15.844 12.851 11.384 10.318  9.696 -12.177 -3.069 -4.785 71.514 44.115  7.120  7.106 
 7.500  0.1129  0.0000 -2.0959  3.5306  4.6552 10.0100 14.818 24.815 11.765 10.699 -7.394 15.661 12.688 11.228 10.190  9.583 -11.305 -2.699 -4.341 68.009 42.028  7.025  7.012 
 7.500  0.1200  0.0000 -2.0550  3.5343  4.6554  9.9070 14.645 24.086 11.616 10.563 -6.683 15.487 12.532 11.081 10.070  9.480 -10.472 -2.344 -3.915 64.684 40.048  6.940  6.927 
 7.500  0.1294  0.0000 -2.0063  3.5378  4.6535  9.7860 14.456 23.270 11.450 10.408 -5.884 15.296 12.359 10.916  9.932  9.358 -9.536 -1.944 -3.435 60.967 37.838  6.834  6.822 
 7.500  0.1400  0.0000 -1.9546  3.5419  4.6522  9.6560 14.249 22.378 11.269 10.241 -5.010 15.086 12.171 10.737  9.784  9.227 -8.512 -1.503 -2.908 56.916 35.430  6.724  6.712 
 7.500  0.1400  0.0000 -1.9544  3.5419  4.6522  9.6560 14.248 22.374 11.268 10.240 -5.005 15.085 12.170 10.737  9.783  9.227 -8.506 -1.501 -2.905 56.894 35.417  6.723  6.711 
 7.500  0.1506  0.0000 -1.9082  3.5453  4.6510  9.5400 14.069 21.601 11.111 10.094 -4.248 14.904 12.006 10.581  9.652  9.110 -7.618 -1.117 -2.446 53.396 33.339  6.623  6.612 
 7.500  0.1600  0.0000 -1.8688  3.5482  4.6498  9.4420 13.914 20.935 10.975  9.968 -3.596 14.747 11.865 10.446  9.540  9.011 -6.851 -0.785 -2.049 50.386 31.552  6.538  6.527 
 7.500  0.1736  0.0000 -1.8186  3.5518  4.6493  9.3160 13.719 20.170 10.818  9.820 -2.849 14.549 11.700 10.292  9.402  8.883 -5.972 -0.404 -1.593 46.946 29.511  6.429  6.418 
 7.500  0.1987  0.0000 -1.7318  3.5580  4.6460  9.1000 13.377 18.986 10.572  9.581 -1.699 14.201 11.435 10.050  9.172  8.658 -4.616  0.186 -0.888 41.658 26.373  6.239  6.230 
 7.500  0.2000  0.0000 -1.7277  3.5583  4.6458  9.0890 13.361 18.928 10.560  9.570 -1.644 14.184 11.422 10.038  9.161  8.647 -4.551  0.214 -0.854 41.404 26.223  6.230  6.221 
 7.500  0.2217  0.0000 -1.6640  3.5626  4.6443  8.9300 13.114 18.078 10.380  9.396 -0.826 13.933 11.230  9.861  8.993  8.483 -3.584  0.636 -0.350 37.642 23.992  6.090  6.081 
 7.500  0.2500  0.0000 -1.5883  3.5679  4.6417  8.7410 12.821 17.094 10.167  9.190  0.111 13.634 11.001  9.652  8.793  8.287 -2.473  1.120  0.230 33.328 21.435  5.924  5.916 
 7.500  0.2966  0.0000 -1.4828  3.5751  4.6392  8.4770 12.413 15.765  9.869  8.902  1.351 13.219 10.682  9.360  8.514  8.014 -0.997  1.764  1.001 27.599 18.039  5.691  5.684 
 7.500  0.3000  0.0000 -1.4758  3.5755  4.6390  8.4590 12.386 15.656  9.844  8.879  1.451 13.191 10.656  9.335  8.494  7.998 -0.878  1.816  1.063 27.137 17.765  5.678  5.671 
 7.500  0.3283  0.0000 -1.4211  3.5793  4.6387  8.3230 12.168 14.807  9.644  8.696  2.222 12.969 10.448  9.137  8.342  7.871  0.046  2.218  1.545 23.553 15.641  5.575  5.569 
 7.500  0.3500  0.0000 -1.3809  3.5820  4.6370  8.2220 12.012 14.213  9.499  8.564  2.748 12.809 10.298  8.994  8.231  7.778  0.680  2.493  1.875 21.091 14.181  5.498  5.492 
 7.500  0.3990  0.0000 -1.2994  3.5877  4.6351  8.0180 11.689 13.059  9.201  8.293  3.733 12.478  9.988  8.699  8.005  7.590  1.875  3.009  2.498 16.434 11.420  5.345  5.340 
 7.500  0.4000  0.0000 -1.2978  3.5878  4.6351  8.0140 11.682 13.037  9.195  8.288  3.751 12.471  9.981  8.693  8.001  7.586  1.897  3.019  2.509 16.346 11.368  5.342  5.337 
 7.500  0.4500  0.0000 -1.2211  3.5933  4.6315  7.8230 11.376 12.037  8.912  8.031  4.547 12.158  9.688  8.414  7.788  7.410  2.878  3.437  3.017 12.497  9.083  5.199  5.196 
 7.500  0.5000  0.0000 -1.1485  3.5988  4.6265  7.6410 11.079 11.170  8.639  7.784  5.172 11.854  9.403  8.143  7.584  7.244  3.665  3.767  3.421  9.369  7.224  5.067  5.064 
 7.500  0.5033  0.0000 -1.1438  3.5992  4.6262  7.6290 11.059 11.113  8.620  7.768  5.210 11.833  9.384  8.125  7.571  7.233  3.714  3.787  3.446  9.174  7.109  5.059  5.056 
 7.500  0.5500  0.0000 -1.0739  3.6046  4.6164  7.4550 10.811 10.480  8.393  7.559  5.602 11.580  9.143  7.906  7.385  7.068  4.225  3.993  3.704  7.094  5.869  4.916  4.909 
 7.500  0.6000  0.0000 -0.9970  3.6110  4.6033  7.2620 10.538  9.880  8.145  7.332  5.894 11.303  8.880  7.669  7.182  6.887  4.634  4.148  3.903  5.370  4.837  4.759  4.746 
 7.500  0.6500  0.0000 -0.9127  3.6189  4.5852  7.0520 10.229  9.332  7.867  7.080  6.039 10.989  8.584  7.404  6.958  6.690  4.888  4.225  4.016  4.173  4.113  4.591  4.570 
 7.500  0.7000  0.0000 -0.8216  3.6287  4.5655  6.8240  9.862  8.885  7.557  6.803  5.963 10.615  8.247  7.113  6.712  6.475  4.902  4.183  3.994  3.801  3.868  4.421  4.392 
 7.500  0.7500  0.0000 -0.7159  3.6418  4.5419  6.5600  9.378  8.432  7.190  6.481  5.777 10.123  7.836  6.777  6.422  6.218  4.746  4.061  3.892  3.817  3.830  4.243  4.205 
 7.500  0.7858  0.0000 -0.6221  3.6557  4.5243  6.3250  8.903  7.982  6.849  6.190  5.557  9.639  7.450  6.472  6.161  5.989  4.620  3.985  3.820  3.688  3.823  4.102  4.058 
 7.500  0.8000  0.0000 -0.5801  3.6624  4.5169  6.2200  8.662  7.782  6.698  6.062  5.454  9.412  7.277  6.338  6.045  5.885  4.595  3.980  3.824  3.595  3.756  4.044  3.999 
 7.500  0.8016  0.0000 -0.5753  3.6632  4.5161  6.2080  8.631  7.761  6.680  6.047  5.439  9.385  7.257  6.323  6.031  5.873  4.591  3.978  3.823  3.587  3.747  4.037  3.992 
 7.500  0.8329  0.0000 -0.4744  3.6808  4.5020  5.9560  7.946  7.341  6.313  5.741  5.188  8.816  6.836  6.003  5.754  5.626  4.444  3.888  3.752  3.353  3.563  3.907  3.862 
 7.500  0.8500  0.0000 -0.4174  3.6910  4.4949  5.8130  7.631  7.093  6.115  5.574  5.049  8.494  6.608  5.829  5.602  5.490  4.346  3.819  3.692  3.307  3.464  3.837  3.794 
 7.500  0.8580  0.0000 -0.3903  3.6959  4.4915  5.7460  7.481  6.975  6.020  5.495  4.987  8.341  6.499  5.747  5.529  5.426  4.297  3.785  3.663  3.293  3.406  3.803  3.762 
 7.500  0.8842  0.0000 -0.3025  3.7119  4.4804  5.5260  7.017  6.614  5.732  5.250  4.772  7.861  6.169  5.493  5.305  5.224  4.115  3.636  3.529  3.115  3.253  3.696  3.659 
 7.500  0.9000  0.0000 -0.2497  3.7215  4.4739  5.3940  6.784  6.420  5.562  5.106  4.627  7.576  5.976  5.343  5.172  5.104  4.042  3.574  3.475  3.022  3.146  3.632  3.597 
 7.500  0.9053  0.0000 -0.2318  3.7247  4.4713  5.3490  6.709  6.351  5.505  5.057  4.579  7.481  5.911  5.292  5.126  5.063  4.023  3.556  3.459  3.002  3.106  3.609  3.576 
 7.500  0.9326  0.0000 -0.1489  3.7397  4.4613  5.1420  6.371  6.030  5.258  4.836  4.385  7.063  5.625  5.071  4.928  4.884  3.915  3.452  3.368  2.947  2.976  3.508  3.480 
 7.500  0.9431  0.0000 -0.1184  3.7453  4.4582  5.0660  6.235  5.917  5.167  4.754  4.321  6.908  5.520  4.989  4.855  4.818  3.859  3.406  3.327  2.938  2.952  3.471  3.446 
 7.500  0.9500  0.0000 -0.1033  3.7483  4.4583  5.0280  6.160  5.861  5.121  4.712  4.293  6.828  5.466  4.948  4.819  4.786  3.829  3.381  3.304  2.937  2.937  3.454  3.431 
 7.500  0.9556  0.0000 -0.0912  3.7507  4.4581  4.9980  6.099  5.818  5.085  4.679  4.273  6.767  5.425  4.917  4.791  4.761  3.804  3.361  3.285  2.939  2.924  3.440  3.418 
 7.500  1.0000  0.0000 -0.0342  3.7639  4.4736  4.8550  5.817  5.619  4.919  4.530  4.181  6.474  5.226  4.771  4.666  4.651  3.687  3.260  3.193  2.958  2.867  3.391  3.374 
 7.500  1.0062  0.0000 -0.0271  3.7657  4.4765  4.8380  5.786  5.593  4.898  4.512  4.167  6.436  5.201  4.753  4.650  4.638  3.673  3.247  3.181  2.959  2.865  3.387  3.370 
 7.500  1.0308  0.0000 -0.0116  3.7700  4.4888  4.7990  5.721  5.535  4.852  4.473  4.132  6.347  5.144  4.713  4.617  4.609  3.643  3.219  3.156  2.962  2.866  3.379  3.364 
 7.500  1.0500  0.0000  0.0027  3.7727  4.4934  4.7630  5.665  5.483  4.811  4.439  4.099  6.280  5.097  4.677  4.585  4.580  3.617  3.195  3.133  2.962  2.869  3.362  3.348 
 7.500  1.0648  0.0000  0.0134  3.7746  4.4962  4.7370  5.625  5.446  4.781  4.413  4.073  6.232  5.063  4.650  4.561  4.558  3.598  3.177  3.117  2.961  2.870  3.349  3.336 
 7.500  1.1000  0.0000  0.0626  3.7801  4.4832  4.6130  5.433  5.288  4.652  4.301  3.968  6.064  4.920  4.528  4.447  4.451  3.512  3.100  3.046  2.948  2.847  3.265  3.254 
 7.500  1.1104  0.0000  0.0729  3.7814  4.4821  4.5880  5.388  5.256  4.625  4.277  3.947  6.028  4.890  4.503  4.424  4.430  3.493  3.084  3.032  2.942  2.836  3.249  3.238 
 7.500  1.1350  0.0000  0.1191  3.7862  4.4647  4.4720  5.180  5.109  4.503  4.166  3.861  5.874  4.757  4.389  4.317  4.328  3.405  3.010  2.964  2.899  2.793  3.168  3.159 
 7.500  1.1500  0.0000  0.1482  3.7893  4.4538  4.3990  5.052  5.014  4.427  4.097  3.809  5.777  4.674  4.317  4.250  4.265  3.350  2.962  2.920  2.856  2.785  3.118  3.109 
 7.500  1.1733  0.0000  0.1886  3.7935  4.4388  4.2990  4.890  4.881  4.321  4.002  3.733  5.643  4.558  4.218  4.157  4.176  3.269  2.891  2.854  2.787  2.767  3.047  3.039 
 7.500  1.2000  0.0000  0.2328  3.7983  4.4238  4.1880  4.741  4.739  4.205  3.903  3.634  5.494  4.430  4.109  4.056  4.080  3.174  2.808  2.776  2.717  2.710  2.972  2.965 
 7.500  1.2500  0.0000  0.3269  3.8081  4.3866  3.9530  4.441  4.466  3.961  3.697  3.443  5.207  4.165  3.880  3.841  3.877  2.997  2.663  2.643  2.570  2.628  2.808  2.804 
 7.500  1.3000  0.0000  0.4151  3.8186  4.3573  3.7320  4.153  4.194  3.732  3.492  3.252  4.936  3.913  3.666  3.644  3.691  2.835  2.536  2.529  2.444  2.524  2.665  2.662 
 7.500  1.3500  0.0000  0.4995  3.8300  4.3346  3.5210  3.912  3.941  3.513  3.295  3.076  4.682  3.670  3.464  3.460  3.519  2.714  2.447  2.440  2.314  2.382  2.538  2.537 
 7.500  1.3695  0.0000  0.5314  3.8350  4.3294  3.4420  3.826  3.839  3.431  3.221  3.011  4.590  3.578  3.389  3.393  3.458  2.657  2.396  2.392  2.281  2.331  2.497  2.495 
 7.500  1.4000  0.0000  0.5758  3.8409  4.3180  3.3310  3.705  3.695  3.316  3.118  2.919  4.464  3.452  3.283  3.297  3.368  2.575  2.318  2.321  2.235  2.265  2.430  2.429 
 7.500  1.4500  0.0000  0.6432  3.8518  4.3094  3.1620  3.514  3.495  3.142  2.969  2.787  4.270  3.256  3.124  3.156  3.239  2.463  2.223  2.235  2.138  2.177  2.343  2.343 
 7.500  1.5000  0.0000  0.7082  3.8640  4.3079  2.9990  3.329  3.291  2.975  2.836  2.677  4.093  3.067  2.975  3.028  3.124  2.340  2.132  2.145  2.076  2.103  2.273  2.273 
 7.500  1.5500  0.0000  0.7704  3.8773  4.3132  2.8440  3.157  3.082  2.815  2.703  2.574  3.923  2.885  2.836  2.911  3.021  2.270  2.089  2.107  2.063  2.074  2.218  2.218 
 7.500  1.6000  0.0000  0.8308  3.8906  4.3196  2.6930  2.982  2.892  2.665  2.574  2.477  3.766  2.711  2.705  2.804  2.926  2.211  2.052  2.075  2.046  2.058  2.168  2.169 
 7.500  1.6500  0.0000  0.8880  3.9031  4.3259  2.5500  2.805  2.726  2.525  2.455  2.386  3.618  2.549  2.584  2.704  2.838  2.121  1.983  2.006  1.999  2.019  2.121  2.122 
 7.500  1.7000  0.0000  0.9436  3.9151  4.3312  2.4110  2.649  2.574  2.396  2.352  2.289  3.475  2.398  2.473  2.612  2.755  2.039  1.920  1.949  1.948  1.971  2.074  2.075 
 7.500  1.7500  0.0000  0.9971  3.9264  4.3356  2.2770  2.505  2.419  2.274  2.253  2.199  3.337  2.255  2.367  2.524  2.676  1.976  1.877  1.911  1.899  1.913  2.027  2.028 
 7.500  1.8000  0.0000  1.0489  3.9372  4.3391  2.1480  2.374  2.275  2.168  2.163  2.126  3.202  2.131  2.273  2.445  2.603  1.930  1.852  1.886  1.856  1.853  1.980  1.981 
 7.500  1.8500  0.0000  1.0975  3.9472  4.3425  2.0260  2.233  2.142  2.068  2.077  2.053  3.076  2.015  2.185  2.370  2.533  1.882  1.827  1.859  1.816  1.800  1.935  1.936 
 7.500  1.9000  0.0000  1.1451  3.9569  4.3452  1.9070  2.096  2.030  1.979  2.001  1.986  2.953  1.913  2.104  2.299  2.468  1.833  1.797  1.828  1.780  1.757  1.891  1.892 
 7.500  1.9500  0.0000  1.1917  3.9661  4.3466  1.7910  1.973  1.929  1.894  1.929  1.924  2.834  1.817  2.026  2.231  2.403  1.782  1.757  1.792  1.747  1.713  1.846  1.847 
 7.500  2.0000  0.0000  1.2365  3.9748  4.3478  1.6790  1.866  1.836  1.813  1.861  1.868  2.720  1.725  1.952  2.164  2.341  1.733  1.706  1.750  1.717  1.666  1.802  1.804 
 7.500  2.0500  0.0000  1.2796  3.9832  4.3489  1.5710  1.769  1.754  1.741  1.800  1.818  2.613  1.646  1.884  2.103  2.283  1.683  1.656  1.707  1.687  1.621  1.761  1.763 
 7.500  2.1000  0.0000  1.3218  3.9912  4.3492  1.4660  1.666  1.673  1.671  1.738  1.764  2.508  1.568  1.818  2.043  2.226  1.629  1.605  1.660  1.651  1.573  1.719  1.722 
 7.500  2.1500  0.0000  1.3629  3.9989  4.3490  1.3630  1.559  1.593  1.602  1.675  1.705  2.406  1.491  1.752  1.983  2.169  1.572  1.556  1.611  1.610  1.524  1.677  1.681 
 7.500  2.2000  0.0000  1.4027  4.0065  4.3499  1.2630  1.465  1.521  1.539  1.618  1.649  2.309  1.423  1.692  1.927  2.116  1.522  1.513  1.566  1.569  1.480  1.639  1.642 
 7.500  2.2500  0.0000  1.4418  4.0136  4.3486  1.1660  1.383  1.451  1.476  1.562  1.591  2.213  1.354  1.631  1.870  2.061  1.477  1.472  1.524  1.527  1.438  1.597  1.600 
 7.500  2.3000  0.0000  1.4797  4.0205  4.3479  1.0710  1.313  1.385  1.415  1.508  1.533  2.121  1.288  1.572  1.814  2.008  1.438  1.433  1.484  1.485  1.400  1.557  1.561 
 7.500  2.4000  0.0000  1.5526  4.0335  4.3454  0.8880  1.185  1.255  1.298  1.400  1.420  1.944  1.162  1.458  1.707  1.905  1.363  1.355  1.409  1.400  1.335  1.477  1.482 
 7.500  2.6000  0.0000  1.6894  4.0571  4.3379  0.5470  0.878  1.002  1.077  1.178  1.215  1.616  0.929  1.243  1.501  1.709  1.194  1.187  1.250  1.219  1.223  1.319  1.325 
 7.500  2.8000  0.0000  1.8156  4.0782  4.3285  0.2310  0.537  0.778  0.873  0.974  1.039  1.318  0.717  1.043  1.308  1.525  1.028  1.020  1.085  1.034  1.095  1.166  1.174 
 7.500  3.0000  0.0000  1.9328  4.0974  4.3179 -0.0620  0.264  0.571  0.684  0.787  0.858  1.048  0.520  0.856  1.127  1.353  0.869  0.862  0.935  0.880  0.959  1.020  1.028 
 7.500  3.0136  0.0000  1.9405  4.0986  4.3171 -0.0810  0.246  0.559  0.672  0.775  0.846  1.030  0.508  0.843  1.115  1.342  0.860  0.852  0.926  0.871  0.950  1.010  1.018 
 7.500  3.2000  0.0000  2.0425  4.1150  4.3068 -0.3360 -0.007  0.389  0.509  0.620  0.691  0.804  0.339  0.683  0.959  1.193  0.728  0.721  0.794  0.747  0.817  0.881  0.890 
 7.500  3.4000  0.0000  2.1458  4.1314  4.2954 -0.5950 -0.230  0.215  0.343  0.454  0.524  0.578  0.168  0.520  0.800  1.041  0.570  0.562  0.644  0.597  0.667  0.748  0.759 
 7.500  3.6000  0.0000  2.2434  4.1467  4.2836 -0.8380 -0.447  0.050  0.186  0.297  0.374  0.368  0.006  0.365  0.650  0.896  0.425  0.424  0.508  0.468  0.526  0.622  0.634 
 7.500  3.8000  0.0000  2.3354  4.1609  4.2718 -1.0690 -0.652 -0.105  0.039  0.151  0.235  0.174 -0.146  0.220  0.508  0.760  0.298  0.303  0.384  0.348  0.390  0.502  0.514 
 7.500  3.8524  0.0000  2.3588  4.1644  4.2685 -1.1270 -0.699 -0.144  0.002  0.114  0.198  0.125 -0.185  0.183  0.472  0.725  0.265  0.271  0.351  0.312  0.353  0.471  0.484 
 7.500  4.0000  0.0000  2.4231  4.1741  4.2594 -1.2880 -0.831 -0.253 -0.102  0.013  0.099 -0.009 -0.292  0.081  0.372  0.629  0.174  0.181  0.263  0.225  0.267  0.386  0.399 
 7.500  4.2000  0.0000  2.5071  4.1867  4.2467 -1.4980 -0.999 -0.395 -0.238 -0.120 -0.030 -0.181 -0.431 -0.053  0.242  0.503  0.054  0.063  0.147  0.112  0.154  0.273  0.287 
 7.500  4.4000  0.0000  2.5875  4.1984  4.2337 -1.6990 -1.160 -0.532 -0.369 -0.248 -0.154 -0.346 -0.566 -0.182  0.116  0.381 -0.063 -0.051  0.035  0.002  0.045  0.164  0.179 
 7.500  4.4860  0.0000  2.6210  4.2033  4.2280 -1.7820 -1.227 -0.590 -0.424 -0.302 -0.206 -0.414 -0.622 -0.236  0.064  0.330 -0.112 -0.099 -0.012 -0.045 -0.001  0.118  0.133 
 7.500  4.6000  0.0000  2.6646  4.2095  4.2202 -1.8910 -1.314 -0.665 -0.496 -0.372 -0.275 -0.503 -0.696 -0.307 -0.005  0.264 -0.176 -0.162 -0.074 -0.106 -0.062  0.058  0.073 
 7.500  4.7766  0.0000  2.7301  4.2187  4.2077 -2.0550 -1.446 -0.778 -0.605 -0.479 -0.379 -0.637 -0.808 -0.414 -0.110  0.162 -0.274 -0.258 -0.169 -0.199 -0.155 -0.034 -0.018 
 7.500  4.8000  0.0000  2.7388  4.2199  4.2060 -2.0770 -1.464 -0.794 -0.619 -0.493 -0.393 -0.655 -0.823 -0.428 -0.124  0.148 -0.287 -0.271 -0.182 -0.211 -0.167 -0.046 -0.030 
 7.500  4.9724  0.0000  2.8010  4.2284  4.1930 -2.2320 -1.589 -0.903 -0.724 -0.596 -0.493 -0.783 -0.931 -0.532 -0.225  0.050 -0.382 -0.364 -0.273 -0.302 -0.257 -0.135 -0.119 
 7.500  5.0000  0.0000  2.8108  4.2297  4.1908 -2.2570 -1.609 -0.921 -0.741 -0.613 -0.509 -0.803 -0.948 -0.549 -0.242  0.034 -0.397 -0.379 -0.288 -0.316 -0.271 -0.149 -0.134 
 7.500  5.0319  0.0000  2.8221  4.2312  4.1883 -2.2850 -1.632 -0.941 -0.760 -0.632 -0.528 -0.826 -0.968 -0.568 -0.260  0.016 -0.414 -0.396 -0.305 -0.333 -0.288 -0.166 -0.150 
 7.500  5.2000  0.0000  2.8811  4.2389  4.1743 -2.4330 -1.752 -1.047 -0.862 -0.731 -0.625 -0.948 -1.073 -0.668 -0.359 -0.080 -0.507 -0.487 -0.395 -0.421 -0.376 -0.254 -0.237 
 7.500  5.3132  0.0000  2.9199  4.2438  4.1647 -2.5300 -1.832 -1.117 -0.930 -0.798 -0.690 -1.029 -1.142 -0.735 -0.424 -0.144 -0.568 -0.548 -0.454 -0.480 -0.434 -0.312 -0.295 
 7.500  5.4000  0.0000  2.9494  4.2475  4.1570 -2.6040 -1.893 -1.171 -0.982 -0.849 -0.740 -1.091 -1.195 -0.786 -0.474 -0.193 -0.616 -0.594 -0.500 -0.526 -0.479 -0.357 -0.340 
 7.500  5.5835  0.0000  3.0104  4.2550  4.1405 -2.7560 -2.019 -1.283 -1.090 -0.955 -0.844 -1.218 -1.305 -0.893 -0.579 -0.296 -0.715 -0.692 -0.597 -0.621 -0.574 -0.451 -0.434 
 7.500  5.6000  0.0000  3.0158  4.2556  4.1390 -2.7690 -2.030 -1.293 -1.100 -0.965 -0.853 -1.230 -1.315 -0.903 -0.588 -0.305 -0.724 -0.701 -0.606 -0.629 -0.583 -0.460 -0.442 
 7.500  5.8000  0.0000  3.0805  4.2632  4.1196 -2.9310 -2.165 -1.414 -1.218 -1.081 -0.967 -1.366 -1.435 -1.019 -0.702 -0.417 -0.832 -0.808 -0.711 -0.734 -0.686 -0.563 -0.545 
 7.500  5.8589  0.0000  3.0993  4.2653  4.1138 -2.9780 -2.204 -1.450 -1.252 -1.114 -1.000 -1.406 -1.470 -1.053 -0.736 -0.450 -0.864 -0.839 -0.742 -0.765 -0.717 -0.594 -0.576 
 7.500  6.0000  0.0000  3.1441  4.2703  4.0991 -3.0900 -2.299 -1.536 -1.335 -1.196 -1.080 -1.502 -1.555 -1.135 -0.816 -0.529 -0.941 -0.915 -0.817 -0.839 -0.791 -0.668 -0.649 
 7.500  6.0682  0.0000  3.1654  4.2725  4.0918 -3.1440 -2.345 -1.577 -1.375 -1.236 -1.119 -1.548 -1.596 -1.175 -0.855 -0.567 -0.979 -0.952 -0.854 -0.875 -0.827 -0.703 -0.685 
 7.500  6.2000  0.0000  3.2067  4.2767  4.0764 -3.2470 -2.434 -1.658 -1.454 -1.314 -1.195 -1.638 -1.676 -1.253 -0.932 -0.643 -1.053 -1.025 -0.926 -0.947 -0.898 -0.774 -0.756 
 7.500  6.2345  0.0000  3.2173  4.2778  4.0725 -3.2730 -2.456 -1.679 -1.474 -1.334 -1.215 -1.661 -1.697 -1.273 -0.952 -0.663 -1.072 -1.044 -0.945 -0.965 -0.917 -0.793 -0.774 
 7.500  6.4000  0.0000  3.2688  4.2825  4.0513 -3.4020 -2.569 -1.783 -1.576 -1.434 -1.314 -1.775 -1.800 -1.374 -1.052 -0.761 -1.168 -1.139 -1.039 -1.058 -1.009 -0.885 -0.866 
 7.500  6.4567  0.0000  3.2861  4.2840  4.0440 -3.4450 -2.607 -1.818 -1.610 -1.468 -1.348 -1.813 -1.835 -1.408 -1.085 -0.794 -1.200 -1.171 -1.071 -1.090 -1.041 -0.916 -0.897 
 7.500  6.6501  0.0000  3.3447  4.2888  4.0171 -3.5920 -2.738 -1.940 -1.730 -1.587 -1.464 -1.945 -1.956 -1.527 -1.203 -0.910 -1.314 -1.284 -1.183 -1.201 -1.151 -1.027 -1.007 
 7.500  6.8271  0.0000  3.3981  4.2926  3.9905 -3.7250 -2.859 -2.054 -1.841 -1.698 -1.574 -2.067 -2.068 -1.638 -1.313 -1.019 -1.421 -1.391 -1.289 -1.306 -1.256 -1.131 -1.111 
 7.500  6.9894  0.0000  3.4470  4.2956  3.9638 -3.8470 -2.973 -2.161 -1.947 -1.803 -1.678 -2.181 -2.175 -1.743 -1.417 -1.122 -1.523 -1.492 -1.389 -1.406 -1.356 -1.231 -1.210 
 7.500  7.0000  0.0000  3.4502  4.2958  3.9620 -3.8550 -2.980 -2.168 -1.954 -1.809 -1.685 -2.189 -2.182 -1.750 -1.424 -1.129 -1.529 -1.499 -1.396 -1.412 -1.362 -1.237 -1.217 
 7.500  7.0009  0.0000  3.4504  4.2958  3.9618 -3.8560 -2.981 -2.169 -1.954 -1.810 -1.685 -2.189 -2.183 -1.751 -1.424 -1.130 -1.530 -1.499 -1.397 -1.413 -1.363 -1.238 -1.217 
 7.500  7.2068  0.0000  3.5122  4.2982  3.9222 -4.0100 -3.130 -2.312 -2.096 -1.951 -1.826 -2.339 -2.325 -1.892 -1.565 -1.270 -1.669 -1.638 -1.534 -1.550 -1.500 -1.374 -1.354 
 7.500  7.3778  0.0000  3.5635  4.2993  3.8858 -4.1390 -3.257 -2.435 -2.219 -2.074 -1.948 -2.466 -2.448 -2.014 -1.687 -1.392 -1.790 -1.759 -1.655 -1.670 -1.620 -1.494 -1.474 
 7.500  7.5471  0.0000  3.6145  4.2996  3.8456 -4.2660 -3.388 -2.563 -2.346 -2.201 -2.075 -2.597 -2.575 -2.142 -1.815 -1.519 -1.917 -1.885 -1.782 -1.797 -1.747 -1.621 -1.600 
 7.500  7.7009  0.0000  3.6619  4.2984  3.8024 -4.3850 -3.514 -2.689 -2.473 -2.328 -2.203 -2.723 -2.702 -2.269 -1.942 -1.647 -2.045 -2.013 -1.910 -1.925 -1.875 -1.749 -1.729 
 7.500  7.8294  0.0000  3.7021  4.2964  3.7613 -4.4850 -3.626 -2.802 -2.586 -2.442 -2.318 -2.834 -2.815 -2.383 -2.056 -1.762 -2.160 -2.130 -2.026 -2.042 -1.992 -1.866 -1.846 
 7.500  7.9839  0.0000  3.7510  4.2926  3.7058 -4.6080 -3.767 -2.946 -2.732 -2.589 -2.465 -2.974 -2.959 -2.529 -2.204 -1.911 -2.310 -2.280 -2.177 -2.194 -2.144 -2.019 -1.998 
 7.500  8.0000  0.0000  3.7562  4.2920  3.6991 -4.6210 -3.783 -2.963 -2.748 -2.606 -2.483 -2.990 -2.976 -2.546 -2.221 -1.928 -2.328 -2.298 -2.195 -2.212 -2.162 -2.037 -2.016 
 7.500  8.1126  0.0000  3.7914  4.2879  3.6535 -4.7090 -3.890 -3.075 -2.861 -2.719 -2.598 -3.096 -3.088 -2.659 -2.336 -2.045 -2.445 -2.416 -2.314 -2.332 -2.282 -2.157 -2.137 
 7.500  8.2320  0.0000  3.8298  4.2817  3.5965 -4.8050 -4.013 -3.206 -2.994 -2.854 -2.735 -3.218 -3.220 -2.794 -2.472 -2.183 -2.586 -2.558 -2.457 -2.476 -2.427 -2.302 -2.282 
 7.500  8.3413  0.0000  3.8653  4.2749  3.5397 -4.8930 -4.130 -3.332 -3.123 -2.985 -2.868 -3.334 -3.347 -2.924 -2.604 -2.318 -2.722 -2.697 -2.597 -2.617 -2.569 -2.444 -2.425 
 7.500  8.4416  0.0000  3.8994  4.2670  3.4790 -4.9780 -4.249 -3.462 -3.256 -3.120 -3.005 -3.451 -3.477 -3.058 -2.741 -2.458 -2.865 -2.841 -2.742 -2.764 -2.716 -2.592 -2.573 
 7.500  8.5324  0.0000  3.9327  4.2599  3.4220 -5.0620 -4.364 -3.585 -3.382 -3.248 -3.136 -3.564 -3.601 -3.186 -2.871 -2.590 -3.000 -2.978 -2.879 -2.902 -2.855 -2.731 -2.713 
 7.500  8.5845  0.0000  3.9531  4.2576  3.3950 -5.1130 -4.426 -3.649 -3.447 -3.314 -3.203 -3.626 -3.665 -3.252 -2.937 -2.658 -3.068 -3.046 -2.948 -2.972 -2.925 -2.801 -2.783 
 7.500  8.6247  0.0000  3.9753  4.2662  3.4093 -5.1680 -4.450 -3.658 -3.452 -3.317 -3.203 -3.651 -3.673 -3.256 -2.939 -2.656 -3.063 -3.039 -2.940 -2.961 -2.914 -2.790 -2.771 
 7.500  8.6398  0.0000  3.9896  4.2772  3.4397 -5.2040 -4.443 -3.634 -3.424 -3.286 -3.168 -3.648 -3.648 -3.225 -2.905 -2.618 -3.021 -2.995 -2.894 -2.913 -2.865 -2.740 -2.720 
 7.500  8.6454  0.0000  4.0024  4.2884  3.4719 -5.2360 -4.433 -3.606 -3.392 -3.251 -3.129 -3.639 -3.619 -3.191 -2.867 -2.577 -2.975 -2.946 -2.843 -2.860 -2.811 -2.685 -2.665 
 7.500  8.6480  0.0000  4.0174  4.2991  3.4998 -5.2740 -4.429 -3.586 -3.367 -3.223 -3.098 -3.637 -3.597 -3.164 -2.837 -2.543 -2.937 -2.906 -2.802 -2.816 -2.766 -2.640 -2.618 
 7.500  8.6492  0.0000  4.0338  4.3084  3.5206 -5.3150 -4.436 -3.578 -3.356 -3.210 -3.082 -3.646 -3.588 -3.151 -2.822 -2.525 -2.915 -2.882 -2.776 -2.788 -2.737 -2.610 -2.588 
 7.500  8.6499  0.0000  4.0438  4.3139  3.5327 -5.3400 -4.441 -3.574 -3.350 -3.202 -3.073 -3.652 -3.583 -3.144 -2.813 -2.514 -2.902 -2.868 -2.761 -2.771 -2.720 -2.592 -2.570 
 7.500  8.6504  0.0000  4.0263  4.3085  3.5288 -5.2960 -4.416 -3.558 -3.336 -3.190 -3.062 -3.626 -3.568 -3.131 -2.802 -2.505 -2.895 -2.861 -2.755 -2.767 -2.717 -2.590 -2.567 
 7.500  8.6507  0.0000  4.0099  4.3016  3.5177 -5.2550 -4.399 -3.553 -3.334 -3.189 -3.063 -3.608 -3.564 -3.130 -2.802 -2.507 -2.901 -2.869 -2.764 -2.778 -2.728 -2.601 -2.580 
 7.500  8.6510  0.0000  3.9970  4.2933  3.4971 -5.2230 -4.399 -3.566 -3.349 -3.207 -3.084 -3.606 -3.578 -3.147 -2.822 -2.530 -2.926 -2.897 -2.793 -2.809 -2.760 -2.633 -2.613 
 7.500  8.6513  0.0000  3.9887  4.2820  3.4603 -5.2020 -4.422 -3.606 -3.394 -3.255 -3.135 -3.627 -3.619 -3.194 -2.873 -2.584 -2.985 -2.958 -2.856 -2.875 -2.826 -2.700 -2.680 
 7.500  8.6516  0.0000  3.9889  4.2704  3.4139 -5.2020 -4.468 -3.670 -3.462 -3.326 -3.210 -3.671 -3.684 -3.264 -2.946 -2.662 -3.067 -3.043 -2.943 -2.964 -2.916 -2.791 -2.772 
 7.500  8.6519  0.0000  3.9942  4.2586  3.3616 -5.2150 -4.528 -3.747 -3.544 -3.411 -3.300 -3.729 -3.763 -3.349 -3.034 -2.755 -3.164 -3.142 -3.044 -3.067 -3.020 -2.896 -2.878 
 7.500  8.6522  0.0000  4.0016  4.2467  3.3064 -5.2340 -4.594 -3.831 -3.633 -3.503 -3.396 -3.792 -3.848 -3.440 -3.129 -2.854 -3.268 -3.248 -3.152 -3.177 -3.131 -3.008 -2.991 
 7.500  8.6525  0.0000  4.0093  4.2347  3.2506 -5.2530 -4.660 -3.915 -3.723 -3.596 -3.494 -3.855 -3.934 -3.533 -3.225 -2.955 -3.373 -3.356 -3.262 -3.289 -3.244 -3.122 -3.105 
 7.500  8.6528  0.0000  4.0160  4.2225  3.1954 -5.2700 -4.724 -3.997 -3.810 -3.687 -3.589 -3.915 -4.019 -3.623 -3.319 -3.054 -3.476 -3.462 -3.370 -3.400 -3.355 -3.233 -3.217 
 7.500  8.6530  0.0000  4.0214  4.2104  3.1413 -5.2840 -4.783 -4.077 -3.895 -3.776 -3.682 -3.971 -4.100 -3.711 -3.410 -3.150 -3.576 -3.565 -3.475 -3.507 -3.464 -3.342 -3.327 
 7.500  8.6533  0.0000  4.0254  4.1981  3.0883 -5.2940 -4.839 -4.153 -3.976 -3.861 -3.771 -4.024 -4.178 -3.795 -3.497 -3.242 -3.673 -3.666 -3.577 -3.612 -3.569 -3.448 -3.433 
 7.500  8.6536  0.0000  4.0290  4.1829  3.0236 -5.3030 -4.904 -4.244 -4.074 -3.963 -3.879 -4.084 -4.271 -3.896 -3.603 -3.355 -3.792 -3.788 -3.702 -3.739 -3.697 -3.577 -3.563 
 7.500  8.6539  0.0000  4.0307  4.1705  2.9726 -5.3070 -4.953 -4.313 -4.150 -4.043 -3.963 -4.129 -4.343 -3.974 -3.685 -3.443 -3.884 -3.883 -3.799 -3.838 -3.798 -3.678 -3.665 
 7.500  8.6541  0.0000  4.0317  4.1582  2.9223 -5.3090 -4.999 -4.381 -4.223 -4.120 -4.045 -4.170 -4.412 -4.050 -3.766 -3.528 -3.975 -3.977 -3.894 -3.937 -3.896 -3.777 -3.765 
 7.500  8.6544  0.0000  4.0320  4.1458  2.8725 -5.3100 -5.042 -4.446 -4.294 -4.195 -4.125 -4.209 -4.479 -4.124 -3.844 -3.612 -4.064 -4.069 -3.988 -4.033 -3.993 -3.875 -3.863 
 7.500  8.6546  0.0000  4.0318  4.1335  2.8235 -5.3100 -5.081 -4.509 -4.363 -4.267 -4.202 -4.243 -4.544 -4.196 -3.920 -3.694 -4.150 -4.158 -4.080 -4.127 -4.088 -3.971 -3.960 
 7.500  8.6548  0.0000  4.0310  4.1211  2.7747 -5.3080 -5.117 -4.570 -4.431 -4.339 -4.278 -4.275 -4.607 -4.267 -3.994 -3.775 -4.236 -4.247 -4.171 -4.220 -4.182 -4.065 -4.055 
 7.500  8.6551  0.0000  4.0294  4.1056  2.7145 -5.3030 -5.159 -4.645 -4.512 -4.425 -4.371 -4.309 -4.684 -4.352 -4.084 -3.873 -4.340 -4.356 -4.282 -4.334 -4.297 -4.181 -4.171 
 7.500  8.6553  0.0000  4.0276  4.0933  2.6668 -5.2990 -5.188 -4.701 -4.575 -4.492 -4.443 -4.332 -4.742 -4.418 -4.154 -3.949 -4.422 -4.442 -4.369 -4.423 -4.387 -4.272 -4.263 
 7.500  8.6555  0.0000  4.0254  4.0809  2.6195 -5.2940 -5.213 -4.756 -4.636 -4.557 -4.512 -4.350 -4.799 -4.481 -4.221 -4.024 -4.502 -4.525 -4.455 -4.511 -4.476 -4.361 -4.352 
 7.500  8.6557  0.0000  4.0222  4.0654  2.5608 -5.2850 -5.239 -4.821 -4.709 -4.635 -4.596 -4.365 -4.867 -4.558 -4.303 -4.115 -4.600 -4.627 -4.559 -4.619 -4.584 -4.470 -4.462 
 7.500  8.6559  0.0000  4.0192  4.0530  2.5143 -5.2780 -5.256 -4.872 -4.766 -4.694 -4.661 -4.374 -4.920 -4.617 -4.365 -4.186 -4.676 -4.707 -4.642 -4.703 -4.669 -4.556 -4.548 
 7.500  8.6560  0.0000  4.0160  4.0407  2.4680 -5.2700 -5.266 -4.918 -4.819 -4.751 -4.723 -4.374 -4.968 -4.672 -4.425 -4.255 -4.750 -4.786 -4.722 -4.786 -4.753 -4.641 -4.634 
 7.500  8.6562  0.0000  4.0125  4.0283  2.4219 -5.2610 -5.274 -4.962 -4.870 -4.806 -4.784 -4.372 -5.015 -4.726 -4.483 -4.322 -4.823 -4.863 -4.802 -4.868 -4.836 -4.724 -4.719 
 7.500  8.6563  0.0000  4.0088  4.0159  2.3760 -5.2520 -5.277 -5.003 -4.919 -4.858 -4.842 -4.364 -5.058 -4.777 -4.538 -4.387 -4.895 -4.939 -4.880 -4.950 -4.919 -4.808 -4.803 
 7.500  8.6565  0.0000  4.0049  4.0035  2.3303 -5.2420 -5.278 -5.044 -4.966 -4.909 -4.899 -4.352 -5.101 -4.827 -4.592 -4.451 -4.967 -5.015 -4.958 -5.031 -5.001 -4.890 -4.887 
 7.500  8.6566  0.0000  4.0008  3.9911  2.2848 -5.2320 -5.272 -5.080 -5.011 -4.958 -4.954 -4.334 -5.141 -4.875 -4.644 -4.513 -5.036 -5.090 -5.036 -5.112 -5.083 -4.973 -4.971 
 7.500  8.6567  0.0000  3.9966  3.9787  2.2395 -5.2210 -5.265 -5.116 -5.054 -5.004 -5.007 -4.313 -5.180 -4.921 -4.694 -4.575 -5.105 -5.164 -5.113 -5.192 -5.165 -5.055 -5.054 
 7.500  8.6568  0.0000  3.9922  3.9662  2.1942 -5.2100 -5.250 -5.146 -5.094 -5.048 -5.058 -4.285 -5.214 -4.963 -4.742 -4.634 -5.174 -5.238 -5.190 -5.273 -5.248 -5.139 -5.138 
 7.500  8.6569  0.0000  3.9876  3.9538  2.1490 -5.1990 -5.233 -5.175 -5.133 -5.091 -5.108 -4.255 -5.247 -5.004 -4.789 -4.691 -5.242 -5.311 -5.267 -5.354 -5.330 -5.222 -5.222 
 7.500  8.6570  0.0000  3.9828  3.9413  2.1039 -5.1870 -5.205 -5.194 -5.164 -5.129 -5.155 -4.214 -5.271 -5.041 -4.833 -4.745 -5.309 -5.385 -5.345 -5.435 -5.412 -5.304 -5.305 
 7.500  8.6572  0.0000  3.9780  3.9290  2.0595 -5.1750 -5.173 -5.209 -5.192 -5.165 -5.200 -4.170 -5.291 -5.074 -4.875 -4.796 -5.374 -5.457 -5.422 -5.515 -5.492 -5.386 -5.387 
 7.500  8.6572  0.0000  3.9730  3.9166  2.0148 -5.1620 -5.127 -5.207 -5.211 -5.195 -5.242 -4.116 -5.298 -5.102 -4.914 -4.843 -5.438 -5.531 -5.499 -5.595 -5.573 -5.467 -5.470 
 7.500  8.6573  0.0000  3.9678  3.9042  1.9705 -5.1500 -5.073 -5.197 -5.225 -5.223 -5.282 -4.056 -5.297 -5.126 -4.951 -4.888 -5.502 -5.604 -5.576 -5.675 -5.654 -5.549 -5.551 
 7.500  8.6574  0.0000  3.9626  3.8919  1.9265 -5.1370 -5.012 -5.170 -5.229 -5.244 -5.320 -3.995 -5.282 -5.143 -4.985 -4.928 -5.563 -5.679 -5.654 -5.755 -5.735 -5.630 -5.633 
 7.500  8.6575  0.0000  3.9573  3.8796  1.8826 -5.1230 -4.946 -5.135 -5.227 -5.262 -5.356 -3.932 -5.260 -5.156 -5.016 -4.966 -5.623 -5.754 -5.732 -5.835 -5.815 -5.711 -5.715 
 7.500  8.6576  0.0000  3.9517  3.8673  1.8389 -5.1090 -4.875 -5.084 -5.218 -5.276 -5.390 -3.868 -5.225 -5.164 -5.046 -5.001 -5.683 -5.830 -5.811 -5.916 -5.897 -5.794 -5.797 
 7.500  8.6577  0.0000  3.9460  3.8551  1.7956 -5.0950 -4.799 -5.024 -5.204 -5.288 -5.423 -3.804 -5.182 -5.170 -5.074 -5.035 -5.742 -5.907 -5.891 -5.998 -5.979 -5.876 -5.880 
 7.500  8.6577  0.0000  3.9401  3.8427  1.7522 -5.0800 -4.717 -4.953 -5.184 -5.296 -5.454 -3.737 -5.130 -5.171 -5.100 -5.066 -5.799 -5.985 -5.972 -6.079 -6.061 -5.957 -5.962 
 7.500  8.6578  0.0000  3.9340  3.8305  1.7093 -5.0650 -4.631 -4.873 -5.162 -5.303 -5.483 -3.666 -5.072 -5.171 -5.124 -5.096 -5.855 -6.063 -6.052 -6.160 -6.141 -6.038 -6.042 
 7.500  8.6579  0.0000  3.9277  3.8181  1.6661 -5.0490 -4.535 -4.788 -5.134 -5.304 -5.508 -3.587 -5.008 -5.166 -5.144 -5.122 -5.909 -6.140 -6.132 -6.241 -6.221 -6.118 -6.123 
 7.500  8.6579  0.0000  3.9212  3.8058  1.6236 -5.0330 -4.433 -4.697 -5.103 -5.302 -5.530 -3.503 -4.941 -5.156 -5.160 -5.145 -5.960 -6.216 -6.211 -6.320 -6.299 -6.196 -6.201 
 7.500  8.6580  0.0000  3.9145  3.7935  1.5810 -5.0160 -4.317 -4.601 -5.067 -5.296 -5.548 -3.404 -4.869 -5.143 -5.172 -5.166 -6.008 -6.291 -6.288 -6.398 -6.374 -6.273 -6.279 
 7.500  8.6581  0.0000  3.9076  3.7812  1.5387 -4.9990 -4.189 -4.498 -5.027 -5.286 -5.561 -3.293 -4.791 -5.126 -5.180 -5.183 -6.053 -6.365 -6.365 -6.475 -6.446 -6.347 -6.356 
 7.500  8.6581  0.0000  3.9003  3.7688  1.4965 -4.9810 -4.041 -4.388 -4.982 -5.271 -5.571 -3.161 -4.708 -5.104 -5.183 -5.197 -6.096 -6.437 -6.440 -6.551 -6.515 -6.418 -6.432 
 7.500  8.6582  0.0000  3.8927  3.7566  1.4550 -4.9620 -3.874 -4.270 -4.933 -5.253 -5.576 -3.009 -4.619 -5.079 -5.182 -5.207 -6.135 -6.505 -6.512 -6.625 -6.580 -6.486 -6.507 
 7.500  8.6582  0.0000  3.8847  3.7441  1.4133 -4.9420 -3.685 -4.144 -4.880 -5.230 -5.576 -2.834 -4.524 -5.049 -5.176 -5.214 -6.171 -6.573 -6.584 -6.698 -6.643 -6.552 -6.581 
 7.500  8.6583  0.0000  3.8762  3.7316  1.3718 -4.9210 -3.473 -4.010 -4.821 -5.202 -5.571 -2.635 -4.421 -5.014 -5.164 -5.216 -6.203 -6.638 -6.653 -6.770 -6.702 -6.614 -6.653 
 7.500  8.6583  0.0000  3.8671  3.7191  1.3309 -4.8980 -3.243 -3.869 -4.756 -5.168 -5.560 -2.415 -4.313 -4.972 -5.146 -5.213 -6.232 -6.700 -6.721 -6.841 -6.760 -6.674 -6.724 
 7.500  8.6583  0.0000  3.8566  3.7062  1.2896 -4.8720 -2.984 -3.715 -4.681 -5.125 -5.540 -2.163 -4.193 -4.922 -5.118 -5.202 -6.255 -6.759 -6.787 -6.911 -6.817 -6.733 -6.795 
 7.500  8.6584  0.0000  3.8434  3.6921  1.2464 -4.8390 -2.679 -3.537 -4.587 -5.066 -5.506 -1.861 -4.050 -4.854 -5.075 -5.179 -6.272 -6.817 -6.854 -6.983 -6.875 -6.793 -6.867 
 7.500  8.6585  0.0000  3.8257  3.6777  1.2064 -4.7940 -2.341 -3.340 -4.474 -4.987 -5.454 -1.522 -3.889 -4.768 -5.013 -5.141 -6.275 -6.863 -6.910 -7.045 -6.924 -6.844 -6.928 
 7.500  8.6585  0.0000  3.7992  3.6627  1.1732 -4.7280 -1.956 -3.107 -4.320 -4.870 -5.369 -1.132 -3.688 -4.641 -4.916 -5.071 -6.251 -6.889 -6.947 -7.086 -6.956 -6.879 -6.966 
 7.500  8.6587  0.0000  3.7696  3.6524  1.1614 -4.6540 -1.661 -2.918 -4.182 -4.758 -5.280 -0.832 -3.519 -4.522 -4.818 -4.993 -6.205 -6.878 -6.944 -7.087 -6.950 -6.875 -6.963 
 7.500  8.6588  0.0000  3.7403  3.6433  1.1545 -4.5810 -1.381 -2.733 -4.040 -4.643 -5.189 -0.544 -3.348 -4.399 -4.719 -4.913 -6.152 -6.859 -6.932 -7.078 -6.936 -6.864 -6.950 
 7.500  8.6589  0.0000  3.7284  3.6371  1.1415 -4.5510 -1.203 -2.624 -3.960 -4.582 -5.146 -0.361 -3.249 -4.332 -4.670 -4.877 -6.136 -6.866 -6.945 -7.093 -6.947 -6.877 -6.962 
 7.500  8.6589  0.0000  3.7421  3.6307  1.1020 -4.5850 -1.073 -2.573 -3.943 -4.584 -5.167 -0.226 -3.210 -4.329 -4.685 -4.906 -6.185 -6.938 -7.023 -7.173 -7.023 -6.955 -7.039 
 7.500  8.6590  0.0000  3.7756  3.6230  1.0379 -4.6690 -0.949 -2.549 -3.960 -4.628 -5.234 -0.093 -3.200 -4.365 -4.743 -4.982 -6.285 -7.066 -7.159 -7.311 -7.155 -7.090 -7.173 
 7.500  8.6591  0.0000  3.8613  3.6115  0.9063 -4.8830 -0.803 -2.571 -4.052 -4.766 -5.417  0.071 -3.244 -4.489 -4.911 -5.181 -6.522 -7.344 -7.450 -7.606 -7.440 -7.382 -7.461 
 7.500  8.6592  0.0000  3.9041  3.6067  0.8441 -4.9900 -0.752 -2.596 -4.108 -4.842 -5.511  0.131 -3.278 -4.558 -4.999 -5.282 -6.639 -7.477 -7.589 -7.748 -7.576 -7.521 -7.600 
 7.500  8.6592  0.0000  3.9143  3.6055  0.8292 -5.0160 -0.740 -2.602 -4.121 -4.860 -5.534  0.145 -3.287 -4.575 -5.020 -5.306 -6.667 -7.509 -7.622 -7.781 -7.609 -7.554 -7.633 
 7.500  8.6592  0.0000  3.9439  3.6025  0.7876 -5.0900 -0.712 -2.624 -4.163 -4.914 -5.600  0.178 -3.316 -4.626 -5.082 -5.376 -6.746 -7.599 -7.716 -7.877 -7.701 -7.648 -7.726 
 7.500  8.6592  0.0000  3.9735  3.5995  0.7459 -5.1640 -0.688 -2.645 -4.203 -4.966 -5.665  0.207 -3.342 -4.674 -5.143 -5.446 -6.826 -7.690 -7.810 -7.972 -7.793 -7.743 -7.820 
 7.500  8.6593  0.0000  3.9843  3.5984  0.7309 -5.1910 -0.687 -2.650 -4.213 -4.982 -5.687  0.210 -3.348 -4.687 -5.163 -5.471 -6.856 -7.722 -7.844 -8.007 -7.826 -7.777 -7.855 
 7.500  8.6593  0.0000  4.0376  3.5931  0.6563 -5.3240 -0.681 -2.675 -4.264 -5.060 -5.799  0.223 -3.378 -4.753 -5.265 -5.594 -7.000 -7.884 -8.013 -8.177 -7.990 -7.946 -8.026 
 7.500  8.6595  0.0000  4.0843  3.5884  0.5908 -5.4410 -0.677 -2.697 -4.308 -5.128 -5.896  0.234 -3.403 -4.810 -5.353 -5.701 -7.126 -8.026 -8.161 -8.327 -8.135 -8.096 -8.176 
 7.500  8.6599  0.0000  4.1290  3.5838  0.5279 -5.5520 -0.673 -2.717 -4.350 -5.193 -5.988  0.245 -3.427 -4.865 -5.437 -5.804 -7.247 -8.163 -8.303 -8.470 -8.273 -8.239 -8.320 
 7.500  8.6607  0.0000  4.1730  3.5794  0.4662 -5.6620 -0.670 -2.737 -4.391 -5.258 -6.079  0.254 -3.450 -4.920 -5.520 -5.905 -7.365 -8.296 -8.442 -8.611 -8.408 -8.379 -8.462 
 7.500  8.6614  0.0000  4.2063  3.5762  0.4199 -5.7460 -0.670 -2.754 -4.424 -5.308 -6.149  0.259 -3.470 -4.963 -5.584 -5.982 -7.455 -8.397 -8.547 -8.717 -8.510 -8.485 -8.568 
 7.500  8.6622  0.0000  4.2382  3.5732  0.3760 -5.8260 -0.700 -2.747 -4.421 -5.329 -6.204  0.228 -3.461 -4.965 -5.631 -6.051 -7.544 -8.495 -8.648 -8.819 -8.610 -8.588 -8.675 
 7.500  8.6650  0.0000  4.2692  3.5703  0.3336 -5.9030 -0.750 -2.726 -4.395 -5.333 -6.250  0.174 -3.435 -4.943 -5.668 -6.115 -7.632 -8.591 -8.746 -8.919 -8.709 -8.688 -8.782 
 7.500  8.6699  0.0000  4.2617  3.5712  0.3452 -5.8840 -0.739 -2.739 -4.410 -5.339 -6.242  0.186 -3.451 -4.958 -5.663 -6.100 -7.610 -8.566 -8.721 -8.893 -8.683 -8.662 -8.754 
 7.500  8.6902  0.0000  4.2263  3.5754  0.3982 -5.7960 -0.694 -2.786 -4.462 -5.350 -6.195  0.236 -3.503 -5.003 -5.629 -6.030 -7.506 -8.451 -8.602 -8.773 -8.565 -8.541 -8.624 
 7.500  8.7059  0.0000  4.1900  3.5794  0.4514 -5.7050 -0.704 -2.777 -4.434 -5.301 -6.122  0.220 -3.492 -4.963 -5.563 -5.947 -7.408 -8.339 -8.485 -8.654 -8.451 -8.422 -8.505 
 7.500  8.7220  0.0000  4.1476  3.5841  0.5135 -5.5990 -0.717 -2.767 -4.401 -5.243 -6.036  0.200 -3.478 -4.916 -5.485 -5.851 -7.293 -8.207 -8.347 -8.515 -8.317 -8.283 -8.365 
 7.500  8.7375  0.0000  4.1079  3.5887  0.5722 -5.5000 -0.731 -2.759 -4.372 -5.190 -5.956  0.179 -3.467 -4.873 -5.414 -5.761 -7.185 -8.083 -8.218 -8.384 -8.191 -8.152 -8.233 
 7.500  8.7524  0.0000  4.0755  3.5926  0.6210 -5.4190 -0.749 -2.757 -4.352 -5.150 -5.891  0.157 -3.462 -4.842 -5.357 -5.688 -7.096 -7.981 -8.111 -8.276 -8.088 -8.044 -8.124 
 7.500  8.7720  0.0000  4.0468  3.5968  0.6674 -5.3470 -0.780 -2.769 -4.345 -5.123 -5.837  0.120 -3.472 -4.824 -5.310 -5.624 -7.016 -7.886 -8.011 -8.175 -7.992 -7.944 -8.023 
 7.500  8.8103  0.0000  4.0244  3.6032  0.7174 -5.2910 -0.896 -2.828 -4.373 -5.121 -5.803 -0.007 -3.524 -4.834 -5.287 -5.579 -6.948 -7.795 -7.913 -8.074 -7.897 -7.844 -7.923 
 7.500  8.8196  0.0000  4.0214  3.6047  0.7268 -5.2840 -0.933 -2.845 -4.381 -5.124 -5.800 -0.046 -3.538 -4.838 -5.286 -5.574 -6.938 -7.779 -7.895 -8.056 -7.880 -7.826 -7.906 
 7.500  8.8463  0.0000  4.0496  3.6120  0.7293 -5.3540 -1.202 -3.030 -4.531 -5.244 -5.891 -0.328 -3.715 -4.968 -5.387 -5.655 -6.996 -7.808 -7.916 -8.076 -7.905 -7.846 -7.929 
 7.500  8.8527  0.0000  4.0782  3.6178  0.7240 -5.4260 -1.424 -3.191 -4.664 -5.354 -5.979 -0.561 -3.868 -5.085 -5.482 -5.734 -7.057 -7.847 -7.949 -8.107 -7.940 -7.878 -7.963 
 7.500  8.8551  0.0000  4.1112  3.6304  0.7416 -5.5080 -1.841 -3.457 -4.867 -5.512 -6.094 -0.994 -4.116 -5.257 -5.612 -5.832 -7.115 -7.856 -7.946 -8.101 -7.942 -7.874 -7.964 
 7.500  8.8561  0.0000  4.1255  3.6684  0.8792 -5.5440 -2.805 -3.963 -5.172 -5.711 -6.197 -1.985 -4.545 -5.486 -5.749 -5.893 -7.056 -7.667 -7.723 -7.863 -7.731 -7.654 -7.744 
 7.500  8.8565  0.0000  4.1289  3.6883  0.9557 -5.5520 -3.249 -4.195 -5.285 -5.775 -6.222 -2.431 -4.727 -5.562 -5.789 -5.899 -7.002 -7.552 -7.593 -7.725 -7.611 -7.530 -7.609 
 7.500  8.8569  0.0000  4.1308  3.7023  1.0096 -5.5570 -3.543 -4.350 -5.354 -5.811 -6.232 -2.723 -4.846 -5.605 -5.808 -5.896 -6.960 -7.469 -7.499 -7.627 -7.526 -7.443 -7.512 
 7.500  8.8571  0.0000  4.1320  3.7123  1.0483 -5.5600 -3.731 -4.454 -5.395 -5.826 -6.230 -2.905 -4.923 -5.626 -5.812 -5.888 -6.924 -7.405 -7.431 -7.555 -7.466 -7.382 -7.440 
 7.500  8.8574  0.0000  4.1328  3.7203  1.0795 -5.5620 -3.881 -4.538 -5.428 -5.839 -6.228 -3.050 -4.984 -5.643 -5.815 -5.880 -6.895 -7.354 -7.375 -7.498 -7.417 -7.332 -7.382 
 7.500  8.8576  0.0000  4.1335  3.7274  1.1073 -5.5640 -4.008 -4.610 -5.455 -5.848 -6.224 -3.171 -5.037 -5.657 -5.816 -5.872 -6.868 -7.308 -7.326 -7.446 -7.374 -7.287 -7.330 
 7.500  8.8579  0.0000  4.1344  3.7340  1.1330 -5.5660 -4.114 -4.674 -5.478 -5.854 -6.217 -3.271 -5.083 -5.666 -5.812 -5.862 -6.841 -7.264 -7.279 -7.398 -7.333 -7.245 -7.282 
 7.500  8.8582  0.0000  4.1358  3.7418  1.1625 -5.5700 -4.240 -4.750 -5.505 -5.861 -6.211 -3.387 -5.139 -5.678 -5.810 -5.851 -6.811 -7.213 -7.226 -7.344 -7.287 -7.197 -7.228 
 7.500  8.8585  0.0000  4.1370  3.7475  1.1844 -5.5730 -4.333 -4.806 -5.526 -5.867 -6.206 -3.474 -5.180 -5.688 -5.808 -5.843 -6.789 -7.176 -7.187 -7.304 -7.253 -7.161 -7.187 
 7.500  8.8589  0.0000  4.1386  3.7544  1.2103 -5.5760 -4.431 -4.869 -5.548 -5.872 -6.198 -3.563 -5.226 -5.697 -5.803 -5.831 -6.761 -7.131 -7.140 -7.256 -7.211 -7.117 -7.139 
 7.500  8.8593  0.0000  4.1400  3.7596  1.2296 -5.5800 -4.500 -4.916 -5.564 -5.875 -6.191 -3.625 -5.260 -5.703 -5.799 -5.822 -6.740 -7.097 -7.104 -7.220 -7.179 -7.084 -7.103 
 7.500  8.8599  0.0000  4.1421  3.7658  1.2526 -5.5850 -4.583 -4.973 -5.585 -5.880 -6.183 -3.700 -5.302 -5.712 -5.795 -5.813 -6.716 -7.058 -7.063 -7.178 -7.142 -7.045 -7.061 
 7.500  8.8604  0.0000  4.1443  3.7706  1.2696 -5.5910 -4.648 -5.017 -5.602 -5.885 -6.179 -3.758 -5.335 -5.720 -5.793 -5.807 -6.698 -7.028 -7.032 -7.147 -7.114 -7.017 -7.029 
 7.500  8.8610  0.0000  4.1472  3.7757  1.2871 -5.5980 -4.716 -5.066 -5.622 -5.892 -6.176 -3.820 -5.371 -5.729 -5.792 -5.801 -6.681 -6.999 -7.001 -7.115 -7.086 -6.988 -6.998 
 7.500  8.8619  0.0000  4.1516  3.7809  1.3034 -5.6090 -4.776 -5.114 -5.642 -5.899 -6.173 -3.872 -5.408 -5.740 -5.792 -5.798 -6.665 -6.971 -6.972 -7.086 -7.059 -6.960 -6.969 
 7.500  8.8630  0.0000  4.1584  3.7876  1.3235 -5.6260 -4.856 -5.179 -5.672 -5.912 -6.173 -3.942 -5.459 -5.757 -5.794 -5.796 -6.647 -6.938 -6.938 -7.051 -7.027 -6.927 -6.935 
 7.500  8.8648  0.0000  4.1731  3.8033  1.3716 -5.6630 -5.032 -5.324 -5.736 -5.937 -6.167 -4.095 -5.572 -5.791 -5.796 -5.787 -6.602 -6.858 -6.854 -6.967 -6.947 -6.845 -6.851 
 7.500  8.8667  0.0000  4.1860  3.8466  1.5322 -5.6950 -5.361 -5.606 -5.806 -5.903 -6.051 -4.363 -5.772 -5.781 -5.697 -5.669 -6.386 -6.562 -6.549 -6.660 -6.642 -6.539 -6.544 
 7.500  8.8690  0.0000  4.1917  3.8830  1.6720 -5.7090 -5.565 -5.738 -5.812 -5.839 -5.926 -4.543 -5.855 -5.734 -5.586 -5.542 -6.185 -6.310 -6.287 -6.392 -6.373 -6.269 -6.273 
 7.500  8.8715  0.0000  4.1949  3.9074  1.7666 -5.7170 -5.670 -5.766 -5.785 -5.779 -5.836 -4.654 -5.861 -5.683 -5.504 -5.445 -6.046 -6.147 -6.116 -6.216 -6.196 -6.091 -6.093 
 7.500  8.8742  0.0000  4.1982  3.9226  1.8242 -5.7250 -5.726 -5.765 -5.759 -5.738 -5.780 -4.720 -5.850 -5.646 -5.452 -5.383 -5.962 -6.050 -6.015 -6.111 -6.090 -5.984 -5.986 
 7.500  8.8771  0.0000  4.2017  3.9345  1.8688 -5.7340 -5.758 -5.749 -5.729 -5.702 -5.735 -4.763 -5.829 -5.612 -5.409 -5.330 -5.896 -5.977 -5.939 -6.032 -6.009 -5.903 -5.904 
 7.500  8.8803  0.0000  4.2054  3.9461  1.9114 -5.7440 -5.785 -5.732 -5.700 -5.666 -5.691 -4.803 -5.807 -5.578 -5.368 -5.280 -5.834 -5.908 -5.866 -5.955 -5.932 -5.825 -5.826 
 7.500  8.8847  0.0000  4.2100  3.9594  1.9603 -5.7550 -5.807 -5.707 -5.662 -5.622 -5.638 -4.837 -5.776 -5.536 -5.319 -5.219 -5.761 -5.829 -5.783 -5.868 -5.844 -5.735 -5.735 
 7.500  8.8892  0.0000  4.2141  3.9709  2.0024 -5.7650 -5.824 -5.679 -5.627 -5.583 -5.593 -4.867 -5.745 -5.498 -5.276 -5.167 -5.698 -5.762 -5.712 -5.793 -5.768 -5.659 -5.658 
 7.500  8.8947  0.0000  4.2184  3.9816  2.0412 -5.7760 -5.835 -5.650 -5.592 -5.545 -5.550 -4.891 -5.714 -5.461 -5.236 -5.116 -5.641 -5.700 -5.648 -5.726 -5.700 -5.590 -5.588 
 7.500  8.9016  0.0000  4.2217  3.9862  2.0564 -5.7840 -5.842 -5.641 -5.580 -5.533 -5.535 -4.904 -5.704 -5.449 -5.222 -5.098 -5.620 -5.678 -5.624 -5.702 -5.674 -5.564 -5.562 
 7.500  8.9102  0.0000  4.2257  3.9911  2.0725 -5.7940 -5.852 -5.632 -5.568 -5.520 -5.520 -4.919 -5.694 -5.436 -5.209 -5.079 -5.599 -5.654 -5.600 -5.676 -5.648 -5.538 -5.535 
 7.500  8.9236  0.0000  4.2282  3.9798  2.0254 -5.8010 -5.861 -5.682 -5.624 -5.578 -5.584 -4.915 -5.746 -5.494 -5.270 -5.152 -5.677 -5.737 -5.685 -5.764 -5.738 -5.628 -5.627 
 7.500  8.9315  0.0000  4.2291  3.9688  1.9812 -5.8030 -5.860 -5.723 -5.672 -5.629 -5.640 -4.901 -5.790 -5.544 -5.323 -5.216 -5.749 -5.813 -5.764 -5.846 -5.821 -5.712 -5.711 
 7.500  8.9390  0.0000  4.2296  3.9572  1.9346 -5.8040 -5.856 -5.761 -5.720 -5.681 -5.698 -4.884 -5.832 -5.594 -5.378 -5.281 -5.824 -5.893 -5.847 -5.933 -5.909 -5.801 -5.801 
 7.500  8.9484  0.0000  4.2301  3.9408  1.8689 -5.8050 -5.840 -5.804 -5.779 -5.748 -5.778 -4.853 -5.881 -5.659 -5.453 -5.369 -5.928 -6.006 -5.965 -6.056 -6.033 -5.926 -5.928 
 7.500  8.9565  0.0000  4.2300  3.9245  1.8043 -5.8050 -5.814 -5.843 -5.834 -5.811 -5.852 -4.809 -5.927 -5.720 -5.523 -5.454 -6.029 -6.116 -6.080 -6.176 -6.155 -6.049 -6.051 
 7.500  8.9618  0.0000  4.2294  3.9120  1.7549 -5.8040 -5.773 -5.849 -5.861 -5.850 -5.903 -4.760 -5.941 -5.756 -5.571 -5.511 -6.104 -6.201 -6.169 -6.268 -6.248 -6.142 -6.145 
 7.500  8.9676  0.0000  4.2282  3.8958  1.6917 -5.8010 -5.715 -5.849 -5.890 -5.897 -5.967 -4.693 -5.953 -5.798 -5.630 -5.581 -6.198 -6.309 -6.282 -6.385 -6.366 -6.262 -6.265 
 7.500  8.9721  0.0000  4.2270  3.8815  1.6358 -5.7970 -5.649 -5.825 -5.902 -5.930 -6.020 -4.626 -5.944 -5.826 -5.679 -5.637 -6.281 -6.408 -6.385 -6.491 -6.472 -6.369 -6.372 
 7.500  8.9757  0.0000  4.2251  3.8665  1.5778 -5.7930 -5.570 -5.782 -5.905 -5.960 -6.073 -4.554 -5.918 -5.849 -5.727 -5.692 -6.365 -6.512 -6.493 -6.602 -6.584 -6.481 -6.485 
 7.500  8.9788  0.0000  4.2230  3.8516  1.5205 -5.7870 -5.485 -5.725 -5.901 -5.986 -6.124 -4.479 -5.881 -5.867 -5.772 -5.743 -6.448 -6.617 -6.602 -6.713 -6.696 -6.593 -6.598 
 7.500  8.9814  0.0000  4.2206  3.8364  1.4623 -5.7810 -5.385 -5.641 -5.888 -6.008 -6.174 -4.399 -5.824 -5.881 -5.817 -5.794 -6.532 -6.725 -6.714 -6.826 -6.809 -6.706 -6.711 
 7.500  8.9836  0.0000  4.2180  3.8212  1.4042 -5.7750 -5.278 -5.551 -5.871 -6.027 -6.222 -4.313 -5.762 -5.892 -5.858 -5.841 -6.613 -6.834 -6.825 -6.938 -6.921 -6.819 -6.823 
 7.500  8.9856  0.0000  4.2151  3.8055  1.3446 -5.7680 -5.153 -5.446 -5.845 -6.039 -6.265 -4.211 -5.688 -5.895 -5.894 -5.885 -6.693 -6.945 -6.940 -7.053 -7.034 -6.933 -6.938 
 7.500  8.9873  0.0000  4.2119  3.7895  1.2836 -5.7600 -5.004 -5.328 -5.811 -6.045 -6.302 -4.085 -5.604 -5.891 -5.924 -5.925 -6.771 -7.057 -7.056 -7.170 -7.147 -7.046 -7.054 
 7.500  8.9888  0.0000  4.2083  3.7727  1.2202 -5.7510 -4.828 -5.196 -5.769 -6.046 -6.335 -3.934 -5.509 -5.882 -5.950 -5.963 -6.848 -7.172 -7.175 -7.290 -7.260 -7.162 -7.174 
 7.500  8.9901  0.0000  4.2042  3.7547  1.1525 -5.7400 -4.591 -5.037 -5.714 -6.037 -6.362 -3.722 -5.393 -5.862 -5.967 -5.995 -6.924 -7.292 -7.300 -7.417 -7.373 -7.279 -7.300 
 7.500  8.9912  0.0000  4.1992  3.7355  1.0805 -5.7280 -4.290 -4.849 -5.645 -6.017 -6.378 -3.444 -5.256 -5.831 -5.974 -6.022 -6.998 -7.415 -7.430 -7.550 -7.486 -7.397 -7.434 
 7.500  8.9922  0.0000  4.1931  3.7153  1.0062 -5.7130 -3.930 -4.637 -5.560 -5.984 -6.382 -3.102 -5.098 -5.786 -5.966 -6.038 -7.065 -7.537 -7.561 -7.685 -7.599 -7.515 -7.570 
 7.500  8.9931  0.0000  4.1846  3.6961  0.9378 -5.6920 -3.541 -4.416 -5.461 -5.934 -6.366 -2.723 -4.929 -5.724 -5.939 -6.036 -7.117 -7.642 -7.677 -7.807 -7.700 -7.618 -7.692 
 7.500  8.9939  0.0000  4.1739  3.6806  0.8864 -5.6650 -3.186 -4.219 -5.360 -5.870 -6.331 -2.369 -4.773 -5.652 -5.893 -6.014 -7.141 -7.712 -7.759 -7.895 -7.773 -7.693 -7.779 
 7.500  8.9945  0.0000  4.1615  3.6675  0.8466 -5.6340 -2.867 -4.042 -5.257 -5.799 -6.287 -2.047 -4.626 -5.573 -5.839 -5.983 -7.149 -7.762 -7.818 -7.960 -7.827 -7.749 -7.840 
 7.500  8.9953  0.0000  4.1463  3.6521  0.8000 -5.5960 -2.473 -3.824 -5.124 -5.705 -6.226 -1.646 -4.443 -5.468 -5.765 -5.939 -7.154 -7.817 -7.886 -8.034 -7.890 -7.815 -7.909 
 7.500  8.9958  0.0000  4.1389  3.6409  0.7627 -5.5770 -2.174 -3.662 -5.020 -5.634 -6.185 -1.338 -4.302 -5.388 -5.714 -5.911 -7.162 -7.864 -7.944 -8.096 -7.944 -7.872 -7.964 
 7.500  8.9963  0.0000  4.1319  3.6315  0.7321 -5.5600 -1.914 -3.521 -4.927 -5.569 -6.148 -1.069 -4.179 -5.315 -5.667 -5.885 -7.165 -7.902 -7.991 -8.145 -7.987 -7.918 -8.009 
 7.500  8.9967  0.0000  4.1251  3.6244  0.7106 -5.5430 -1.713 -3.409 -4.852 -5.516 -6.115 -0.861 -4.080 -5.255 -5.627 -5.861 -7.163 -7.926 -8.022 -8.179 -8.016 -7.949 -8.038 
 7.500  8.9972  0.0000  4.1188  3.6195  0.6973 -5.5270 -1.560 -3.316 -4.784 -5.468 -6.086 -0.699 -3.993 -5.201 -5.591 -5.839 -7.156 -7.938 -8.039 -8.197 -8.030 -7.967 -8.054 
 7.500  8.9978  0.0000  4.1095  3.6159  0.6923 -5.5040 -1.438 -3.236 -4.722 -5.420 -6.052 -0.571 -3.918 -5.149 -5.553 -5.810 -7.139 -7.935 -8.040 -8.199 -8.029 -7.969 -8.054 
 7.500  8.9985  0.0000  4.0953  3.6110  0.6867 -5.4680 -1.266 -3.123 -4.634 -5.351 -6.003 -0.390 -3.811 -5.074 -5.497 -5.768 -7.112 -7.927 -8.038 -8.198 -8.025 -7.967 -8.050 
 7.500  8.9994  0.0000  4.0884  3.6053  0.6711 -5.4510 -1.089 -3.016 -4.556 -5.297 -5.970 -0.204 -3.713 -5.012 -5.456 -5.742 -7.105 -7.942 -8.058 -8.220 -8.043 -7.988 -8.070 
 7.500  9.0000  0.0000  4.0905  3.6018  0.6549 -5.4560 -0.991 -2.965 -4.524 -5.278 -5.965 -0.100 -3.667 -4.989 -5.447 -5.743 -7.117 -7.967 -8.087 -8.250 -8.070 -8.018 -8.098 
 7.500  9.0015  0.0000  4.1100  3.5971  0.6166 -5.5050 -0.916 -2.926 -4.508 -5.285 -5.997 -0.018 -3.633 -4.986 -5.471 -5.783 -7.175 -8.042 -8.167 -8.332 -8.147 -8.099 -8.179 
 7.500  9.0088  0.0000  4.1435  3.5911  0.5594 -5.5890 -0.859 -2.891 -4.498 -5.305 -6.055  0.049 -3.601 -4.994 -5.518 -5.855 -7.270 -8.158 -8.291 -8.457 -8.266 -8.224 -8.305 
 7.500  9.0104  0.0000  4.1769  3.5865  0.5080 -5.6720 -0.833 -2.885 -4.512 -5.342 -6.119  0.081 -3.597 -5.020 -5.574 -5.929 -7.362 -8.266 -8.404 -8.572 -8.376 -8.339 -8.421 
 7.500  9.0130  0.0000  4.1951  3.5839  0.4793 -5.7180 -0.814 -2.877 -4.516 -5.360 -6.154  0.104 -3.591 -5.032 -5.603 -5.969 -7.413 -8.326 -8.468 -8.636 -8.437 -8.403 -8.485 
 7.500  9.0138  0.0000  4.2287  3.5800  0.4302 -5.8020 -0.801 -2.882 -4.540 -5.404 -6.221  0.122 -3.598 -5.068 -5.664 -6.045 -7.504 -8.432 -8.578 -8.747 -8.544 -8.514 -8.597 
 7.500  9.0139  0.0000  4.2388  3.5789  0.4157 -5.8270 -0.798 -2.885 -4.548 -5.418 -6.241  0.127 -3.602 -5.079 -5.682 -6.068 -7.531 -8.463 -8.610 -8.780 -8.575 -8.547 -8.630 
 7.500  9.0148  0.0000  4.2831  3.5740  0.3518 -5.9380 -0.804 -2.884 -4.563 -5.464 -6.325  0.126 -3.601 -5.107 -5.756 -6.167 -7.653 -8.601 -8.754 -8.925 -8.716 -8.693 -8.779 
 7.500  9.0159  0.0000  4.3277  3.5692  0.2879 -6.0490 -0.875 -2.832 -4.502 -5.452 -6.384  0.047 -3.541 -5.052 -5.799 -6.256 -7.783 -8.743 -8.900 -9.074 -8.863 -8.843 -8.940 
 7.500  9.0173  0.0000  4.3710  3.5645  0.2259 -6.1580 -0.956 -2.784 -4.443 -5.439 -6.442 -0.041 -3.484 -4.998 -5.841 -6.343 -7.909 -8.882 -9.043 -9.218 -9.007 -8.988 -9.095 
 7.500  9.0189  0.0000  4.4116  3.5600  0.1677 -6.2590 -1.040 -2.741 -4.387 -5.427 -6.496 -0.133 -3.430 -4.946 -5.880 -6.424 -8.026 -9.013 -9.176 -9.353 -9.142 -9.125 -9.241 
 7.500  9.0206  0.0000  4.4519  3.5556  0.1098 -6.3600 -1.134 -2.700 -4.331 -5.413 -6.549 -0.233 -3.377 -4.893 -5.918 -6.505 -8.143 -9.143 -9.309 -9.487 -9.276 -9.261 -9.387 
 7.500  9.0228  0.0000  4.4963  3.5506  0.0456 -6.4710 -1.248 -2.654 -4.264 -5.395 -6.607 -0.355 -3.316 -4.831 -5.958 -6.593 -8.271 -9.288 -9.456 -9.635 -9.425 -9.412 -9.548 
 7.500  9.0250  0.0000  4.5386  3.5458 -0.0158 -6.5770 -1.237 -2.539 -4.134 -5.328 -6.624 -0.345 -3.188 -4.718 -5.939 -6.658 -8.391 -9.417 -9.592 -9.774 -9.565 -9.553 -9.692 
